can_order_from_date,patient_count,can_order_from_month,stay_duration,is_weekday,tempmax,tempmin,temp,feelslikemax,feelslikemin,humidity,can_order_from_day_encoded
2022-07-04,2,7,1 days 15:20:00,1,1.4310244717209555,1.6806359975000005,1.5930088221799845,1.3830866716729293,1.627675469792652,-0.8058795095014429,1
2022-07-05,2,7,1 days 14:00:00,1,1.3313710184890533,1.5211666406726645,1.4639664683748623,1.292082516407896,1.490997201505258,-0.8763186169985471,5
2022-07-06,4,7,6 days 17:45:00,1,1.2538627770864623,1.3761944981023584,1.3994452914723012,1.2213015067573145,1.3667442303348991,-1.8536612335208715,6
2022-07-07,3,7,0 days 17:30:00,1,0.5562886044631447,1.2747139983031446,0.8832758762518127,0.5842724199020801,1.2797671505156483,-0.7266355135672011,4
2022-07-08,4,7,0 days 13:20:00,1,0.6005790281217679,0.9412780703914416,0.767137757827203,0.6247187111309838,0.9939853168238232,-0.9027332823099622,0
2022-07-09,3,7,0 days 13:20:00,0,1.0545558706226572,0.9992669274195639,1.1026478777205202,1.0392931962272474,1.0436865052919666,-1.5630999150953155,2
2022-07-10,2,7,0 days 13:20:00,0,0.7113050872683262,1.0282613559336249,0.973605523915398,0.7258344392032432,1.0685370995260381,-0.9643675013699282,3
2022-07-11,3,7,18 days 13:45:00,1,0.8773941759881638,0.9412780703914416,0.9607012885348861,0.8775080313116322,0.9939853168238232,-1.3870021463525546,1
2022-07-12,4,7,3 days 12:30:00,1,1.1874271415985271,1.0282613559336249,1.2187859961451304,1.1606320699139587,1.0685370995260381,-1.237319042921208,5
2022-07-13,5,7,1 days 16:30:00,1,1.8628561023925334,1.2312223555320527,1.6446257637020336,1.6055412734319003,1.2424912591645405,-2.3555398744377403,6
2022-07-14,5,7,3 days 14:05:00,1,2.1728890680028967,2.086557996696856,2.173699414303034,1.8482190208053226,1.9755837890696564,-3.1920042759658553,4
2022-07-15,5,7,3 days 14:05:00,1,1.3313710184890533,1.5791554977007867,1.5284876452774234,1.292082516407896,1.540698389973401,-2.3819545397491546,0
2022-07-16,4,7,3 days 14:05:00,0,1.3092258066597415,1.2892112125601753,1.4123495268528137,1.2718593707934442,1.2921924476326838,-2.760564742546091,2
2022-07-17,3,7,3 days 14:05:00,0,1.5638957426968259,0.9122836418773806,1.4123495268528137,1.3931982444801554,0.9691347225897515,-2.5756620853661913,3
2022-07-18,3,7,3 days 14:05:00,1,1.7964204669045982,1.1007474272187778,1.7091469406045947,1.5549834093957706,1.1306635851112175,-2.866223403791748,1
2022-07-19,2,7,3 days 14:05:00,1,2.1064534325149618,1.3472000695882973,1.9543274128343264,1.827995875190871,1.3418936361008276,-2.839808738480333,5
2022-07-20,4,7,2 days 16:00:00,1,2.471849427698604,1.5501610691867256,2.225316355825083,2.111119913793197,1.5158477957393295,-2.8574185153546097,6
2022-07-21,4,7,1 days 14:50:00,1,1.1652819297692156,1.9850774968976426,1.5413918806579356,1.1404089242995068,1.8886067092504055,-0.031049327033294542,4
2022-07-22,3,7,1 days 14:50:00,1,1.9625095556244356,1.4486805693875113,1.941423177453814,1.797661156769193,1.4288707159200786,-1.4310265885382447,0
2022-07-23,3,7,1 days 14:50:00,0,1.3756614421476763,1.7821164972992143,1.7220511759851065,1.3325288076367996,1.7146525496119032,-0.9027332823099622,2
2022-07-24,1,7,1 days 14:50:00,0,1.8296382846485657,1.796613711556245,1.941423177453814,1.65609913746803,1.7270778467289392,-1.615929245718144,3
2022-07-25,3,7,1 days 16:10:00,1,2.3832685803813574,1.7241276402710923,2.2511248265861075,2.1010083409859712,1.6649513611437599,-2.2586861016292215,1
2022-07-26,4,7,2 days 17:45:00,1,1.0434832647080012,1.7241276402710923,1.3478283499502526,1.0291816234200213,1.6649513611437599,0.38278042951219415,5
2022-07-27,3,7,2 days 17:45:00,1,1.2095723534278389,1.5501610691867256,1.4510622329943503,1.1808552155284104,1.5158477957393295,-1.1932946007355176,6
2022-07-28,2,7,2 days 17:45:00,1,1.4974601072088907,1.2892112125601753,1.502679174516399,1.443756108516285,1.2921924476326838,-1.0436114973041706,4
2022-07-29,2,7,2 days 17:45:00,1,1.3756614421476763,1.6226471404718783,1.5155834098969114,1.3325288076367996,1.5779742813245088,-1.0171968319927567,0
2022-07-30,1,7,2 days 17:45:00,0,1.28708059483043,1.5356638549296948,1.3736368207112768,1.2516362251789923,1.5034224986222935,-0.8851235054356859,2
2022-08-05,1,8,2 days 17:30:00,1,1.9182191319658126,1.9415858541265507,2.057561295878424,1.7774380111547412,1.8513308178992978,-1.6775634647781106,0
2022-08-06,1,8,2 days 17:30:00,0,0.6670146636097031,1.2892112125601753,1.038126700817959,0.6853881479743396,1.2921924476326838,0.7966101860576829,2
2022-08-07,1,8,2 days 17:30:00,0,1.0656284765373132,1.361697283845328,1.2316902315256424,1.0494047690344737,1.3543189332178631,-0.700220848255786,3
2022-08-08,5,8,18 days 17:45:00,1,1.2427901711718063,1.0862502129617473,1.2962114084282035,1.2111899339500884,1.118238287994182,-1.2549288197954838,1
2022-08-09,6,8,1 days 14:30:00,1,1.3978066539769884,1.0427585701906557,1.3607325853307646,1.3527519532512517,1.0809623966430741,-1.6775634647781106,5
2022-08-10,7,8,15 days 13:05:00,1,1.3645888362330207,1.1877307127609615,1.3994452914723012,1.322417234829574,1.205215367813433,-2.170637217257841,6
2022-08-11,6,8,15 days 13:05:00,1,1.4642422894649232,1.1442390699898695,1.3994452914723012,1.413421390094607,1.1679394764623252,-2.1882469941321174,4
2022-08-12,4,8,15 days 13:05:00,1,1.264935383001118,0.9992669274195639,1.2445944669061548,1.2314130795645402,1.0436865052919666,-1.9152954525808377,0
2022-08-13,4,8,15 days 13:05:00,0,1.3202984125743973,0.8832892133633193,1.257498702286667,1.2819709436006699,0.9442841283556797,-1.6687585763409725,2
2022-08-14,4,8,15 days 13:05:00,0,1.741057437331319,0.9992669274195639,1.56720035141896,1.5347602637813185,1.0436865052919666,-2.0913932213235986,3
2022-08-15,4,8,15 days 13:05:00,1,1.5085327131235466,1.92708863986952,1.6575299990825454,1.413421390094607,1.8389055207822618,-1.9064905641436996,1
2022-08-16,5,8,1 days 16:00:00,1,1.7299848314166635,1.5791554977007867,1.6962427052240823,1.5246486909740926,1.540698389973401,-1.9593198947665278,5
2022-08-17,5,8,1 days 16:00:00,1,1.9403643437951241,1.492172212158603,1.812380823648692,1.6864338558897074,1.4661466072711862,-2.1354176635092887,6
2022-08-18,5,8,1 days 16:00:00,1,1.2981532007450856,1.564658283443756,1.4639664683748623,1.2617477979862182,1.528273092856365,-0.0750737692189848,4
2022-08-19,4,8,1 days 16:00:00,1,0.7777407227562614,1.6516415689859394,1.1671690546230813,0.786503876046599,1.6028248755585806,1.0079275085489954,0
2022-08-20,4,8,1 days 16:00:00,0,0.7666681168416054,1.5501610691867256,1.038126700817959,0.7763923032393729,1.5158477957393295,1.4041474882202079,2
2022-08-21,4,8,1 days 16:00:00,0,1.2095723534278389,1.2747139983031446,1.2316902315256424,1.1808552155284104,1.2797671505156483,-0.2423666495246083,3
2022-08-22,4,8,1 days 16:00:00,1,1.1542093238545597,0.9847697131625334,1.1155521131010326,1.1302973514922807,1.031261208174931,-0.858708840124272,1
2022-08-23,4,8,1 days 16:00:00,1,1.2981532007450856,0.8108031420781665,1.1155521131010326,1.2617477979862182,0.8821576427705003,-1.2020994891726553,5
2022-08-24,4,8,37 days 10:30:00,1,1.28708059483043,0.8832892133633193,1.2316902315256424,1.2516362251789923,0.9442841283556797,-0.9203430591842373,6
2022-08-25,4,8,37 days 10:30:00,1,1.5638957426968259,1.2602167840461143,1.502679174516399,1.5246486909740926,1.2673418533986123,-0.3920497529559542,4
2022-08-26,4,8,37 days 10:30:00,1,1.608186166355449,1.6081499262148475,1.5801045867994725,1.5145371181668665,1.5655489842074728,-0.2951959801474361,0
2022-08-27,3,8,37 days 10:30:00,0,1.1763545356838716,1.5791554977007867,1.3091156438087157,1.1505204971067329,1.540698389973401,0.4179999832607456,2
2022-08-28,2,8,2 days 09:55:00,0,0.7888133286709174,1.5791554977007867,1.0897436423400082,0.7966154488538251,1.540698389973401,1.4305621535316217,3
2022-08-29,4,8,11 days 14:00:00,1,1.1984997475131833,1.1297418557328391,1.2187859961451304,1.1707436427211848,1.1555141793452897,0.12743866483519015,1
2022-08-30,9,8,0 days 15:59:00,1,1.4199518658063,1.1297418557328391,1.3349241145697401,1.3729750988657035,1.1555141793452897,-0.4272693067045069,5
2022-08-31,10,8,15 days 13:00:00,1,0.6337968458657355,1.3472000695882973,0.9348928177738618,0.6550534295526617,1.3418936361008276,0.8054150744948204,6
2022-09-01,7,9,15 days 13:00:00,1,0.7888133286709174,1.1007474272187778,0.8832758762518127,0.7966154488538251,1.1306635851112175,-0.09268354609326115,4
2022-09-02,7,9,17 days 08:50:00,1,0.9106119937321313,0.5788477139656776,0.8058504639687394,0.9078427497333101,0.5963758090786756,-0.7882697326271666,0
2022-09-03,6,9,17 days 08:50:00,0,1.0324106587933457,0.7528142850500444,0.8058504639687394,1.0190700506127957,0.832456454302357,0.1186337763980526,2
2022-09-04,6,9,17 days 08:50:00,0,1.2095723534278389,1.1297418557328391,1.1542648192425693,1.1808552155284104,1.1555141793452897,-0.37443997608167906,3
2022-09-05,10,9,1 days 15:00:00,1,1.4420970776356115,0.9267808561344111,1.2316902315256424,1.3931982444801554,0.9815600197067874,-0.2863910917102986,1
2022-09-06,16,9,5 days 15:40:00,1,1.4642422894649232,1.1732334985039308,1.3607325853307646,1.4639792541307368,1.1927900706963968,-0.19834220733891803,5
2022-09-07,25,9,7 days 17:45:00,1,1.5196053190382024,1.6226471404718783,1.5413918806579356,1.4538676813235112,1.5779742813245088,-0.603367075447268,6
2022-09-08,29,9,5 days 17:30:00,1,0.954902417390755,1.3906917123593892,1.1026478777205202,0.9482890409622141,1.3791695274519349,-0.17192754202750288,4
2022-09-09,35,9,1 days 17:30:00,1,0.5784338162924563,1.0282613559336249,0.8832758762518127,0.6044955655165319,1.0685370995260381,0.021780003589533272,0
2022-09-10,34,9,2 days 13:30:00,0,0.5452159985484887,0.9557752846484722,0.6251911686415683,0.574160847094854,1.0064106139408588,0.47963420232071224,2
2022-09-11,42,9,9 days 13:05:00,0,0.4566351512312423,0.9702724989055029,0.650999639402593,0.4932682646370468,1.0188359110578948,0.8406346282433731,3
2022-09-12,63,9,4 days 17:45:00,1,0.9327572055614429,0.4193783571383414,0.7542335224466905,0.928065895347762,0.5466746206105321,-0.11029332296753751,1
2022-09-13,83,9,1 days 23:49:00,1,1.3867340480623325,0.593344928222708,1.0897436423400082,1.3426403804440257,0.6957781860149624,-0.5769524101358541,5
2022-09-14,107,9,5 days 17:45:00,1,1.3424436244037092,1.6371443547289086,1.3994452914723012,1.302194089215122,1.5903995784415443,-0.09268354609326115,6
2022-09-15,136,9,5 days 17:45:00,1,0.810958540500229,1.1732334985039308,1.0510309361984715,0.8168385944682769,1.1927900706963968,0.10982888796091379,4
2022-09-16,134,9,2 days 17:45:00,1,0.1023117619622555,0.7528142850500444,0.3800106964118365,0.16969793480581666,0.832456454302357,1.043147062297548,0
2022-09-17,128,9,4 days 12:45:00,0,-0.31844726279466634,0.33239507159615805,-0.0329248357645545,-0.21454183186876916,0.08693862728020513,0.6469270826263357,2
2022-09-18,134,9,5 days 13:00:00,0,-0.19664859773345217,0.1294340719977301,-0.020020600384042332,-0.10331453098928385,-0.024889046773117644,0.4179999832607456,3
2022-09-19,167,9,7 days 17:45:00,1,-0.041632114928270444,0.07144521496960779,0.0186921057574944,0.03824748831187935,-0.1367167208264404,0.20668266076943312,1
2022-09-20,181,9,3 days 17:50:00,1,0.002658308730352935,0.3178978573391274,0.044500576518518735,0.07869377954078315,0.26089278691870726,0.0834142226494999,5
2022-09-21,204,9,0 days 17:55:00,1,0.16874739745019046,-0.3054823557131868,-0.020020600384042332,0.23036737164917226,-0.07459023524126109,-0.19834220733891803,6
2022-09-22,213,9,1 days 17:45:00,1,0.24625563885278123,-0.4359572840264619,-0.071637541906091,0.30114838129975374,-0.2858202862308708,-0.19834220733891803,4
2022-09-23,193,9,1 days 18:00:00,1,0.5341433926338331,-0.45045449828349243,0.12192598880159221,0.5640492742876283,-0.3479467718160501,-0.09268354609326115,0
2022-09-24,164,9,1 days 12:59:00,0,0.16874739745019046,0.5498532854516165,0.4058191671728608,0.23036737164917226,0.633651700429783,0.9727079548004439,2
2022-09-25,156,9,11 days 13:00:00,0,0.14660218562087887,0.4918644284234942,0.3154895195092754,0.21014422603472044,0.6088011061957115,1.3953425997830702,3
2022-09-26,179,9,1 days 17:45:00,1,0.16874739745019046,0.6658309995078608,0.32839375488978756,0.23036737164917226,0.7579046716001417,0.3915853179493317,1
2022-09-27,192,9,3 days 17:30:00,1,-0.27415683913604294,0.4048811428813109,0.044500576518518735,-0.17409554063986535,0.2236168955675997,0.4708293138835747,5
2022-09-28,192,9,4 days 18:00:00,1,-0.48453635151450386,0.2454117860539746,-0.14906295418916446,-0.4875542976638695,0.16149040998242037,1.2280497194774467,6
2022-09-29,194,9,6 days 17:45:00,1,-0.4070281101119129,0.18742292902585242,-0.13615871880865207,-0.2954344143265766,0.1739157070994562,1.298488826974551,4
2022-09-30,179,9,1 days 17:45:00,1,-0.06377732675758203,0.18742292902585242,0.0703090472795433,0.018024342697427545,0.34786986673795833,0.8670492935547871,0
2022-10-01,151,10,5 days 11:00:00,0,-0.11914035633086122,0.3178978573391274,0.14773445956261655,-0.03253352133870216,0.3354445696209224,1.0167323969861342,2
2022-10-02,121,10,5 days 11:00:00,0,0.5562886044631447,0.767311499307075,0.418723402553373,0.5842724199020801,0.8448817514193929,1.2456594963517231,3
2022-10-03,119,10,4 days 13:00:00,1,0.0801665501329437,0.10043964348366895,0.10902175342107981,0.14947478919136467,0.2733180840357431,1.0079275085489954,1
2022-10-04,146,10,1 days 17:45:00,1,0.2905460625114048,-0.26199071294209514,0.03159634113800657,0.3415946725286577,-0.062164938124225216,0.6733417479377497,5
2022-10-05,173,10,3 days 17:45:00,1,0.9659750233054105,0.05694800071257728,0.534861520977983,0.9584006137694399,0.13663981574834863,-0.21595198421319314,6
2022-10-06,180,10,1 days 17:45:00,1,0.6670146636097031,0.593344928222708,0.6639038747831051,0.6853881479743396,0.5839505119616398,-0.10148843453039871,4
2022-10-07,174,10,4 days 17:45:00,1,0.40127212165796317,0.5788477139656776,0.45743610869490975,0.44271040060091715,0.6833528888979266,0.9550981779261676,0
2022-10-08,143,10,3 days 12:30:00,0,0.37912690982865116,0.5208588569375552,0.44453187331439753,0.422487254986465,0.5342493234934963,1.148805723543205,2
2022-10-09,124,10,6 days 13:00:00,0,0.01373091464500873,0.18742292902585242,0.08321328266005547,0.08880535234800906,0.21119159845056376,0.9198786241776149,3
2022-10-10,141,10,3 days 17:45:00,1,0.5784338162924563,0.33239507159615805,0.4832445794559341,0.6044955655165319,0.472122837908317,0.8054150744948204,1
2022-10-11,191,10,3 days 18:00:00,1,0.41234472757261875,0.8108031420781665,0.5606699917390073,0.45282197340814284,0.8821576427705003,0.9286835126147537,5
2022-10-12,204,10,6 days 17:45:00,1,0.14660218562087887,0.47736721416646366,0.4058191671728608,0.21014422603472044,0.5963758090786756,1.2368546079145855,6
2022-10-13,208,10,5 days 17:50:00,1,0.23518303293812545,0.23091457179694408,0.2638725779872265,0.29103680849252783,0.29816867826981486,1.0255372854232718,4
2022-10-14,214,10,1 days 17:50:00,1,0.4898529689752095,0.8108031420781665,0.5477657563584951,0.5236029830587243,0.8821576427705003,0.6557319710634733,0
2022-10-15,167,10,13 days 05:24:00,0,0.5895064222071122,0.9557752846484722,0.7413292870661783,0.614607138323758,1.0064106139408588,0.6997564132491636,2
2022-10-16,156,10,5 days 13:10:00,0,1.2317175652571508,0.9267808561344111,0.9477970531543737,1.2010783611428626,0.9815600197067874,-0.1279030998418126,3
2022-10-17,170,10,1 days 17:45:00,1,1.1874271415985271,0.47736721416646366,0.7413292870661783,1.1606320699139587,0.5963758090786756,0.10982888796091379,1
2022-10-18,180,10,0 days 17:45:00,1,0.9659750233054105,0.6368365709937999,0.767137757827203,0.9584006137694399,0.6709275917808908,0.3387559873265039,5
2022-10-19,200,10,5 days 17:45:00,1,0.3126912743407164,0.7818087135641054,0.6122869332610562,0.36181781814310954,0.8573070485364287,1.043147062297548,6
2022-10-20,209,10,3 days 17:45:00,1,0.3016186684260604,0.5788477139656776,0.32839375488978756,0.35170624533588346,0.5715252148446037,0.9991226201118578,4
2022-10-21,200,10,1 days 17:30:00,1,0.3680543039139956,0.7818087135641054,0.5735742271195197,0.41237568217923926,0.8573070485364287,0.7613906323091302,0
2022-10-22,164,10,0 days 08:35:00,0,0.5452159985484887,0.767311499307075,0.5864784625000319,0.574160847094854,0.8448817514193929,0.7613906323091302,2
2022-10-23,149,10,3 days 13:55:00,0,0.7777407227562614,0.2599090003110052,0.5606699917390073,0.786503876046599,0.31059397538685063,0.3387559873265039,3
2022-10-24,173,10,3 days 17:45:00,1,0.40127212165796317,0.9702724989055029,0.6380954040220808,0.44271040060091715,1.0188359110578948,0.8054150744948204,1
2022-10-25,188,10,21 days 00:00:00,1,0.5673612103778007,0.6803282137648916,0.5090530502169586,0.5943839927093062,0.7703299687171777,0.12743866483519015,5
2022-10-26,190,10,0 days 17:45:00,1,0.6227242399510798,0.6803282137648916,0.6251911686415683,0.6449418567454359,0.7703299687171777,0.3475608757636415,6
2022-10-27,199,10,6 days 17:45:00,1,0.9106119937321313,0.3613895001102191,0.6122869332610562,0.9078427497333101,0.4969734321423886,0.1978777723322943,4
2022-10-28,197,10,6 days 17:45:00,1,1.28708059483043,0.5063616426805247,0.8058504639687394,1.2516362251789923,0.6212264033127473,-0.3128057570217125,0
2022-10-29,158,10,1 days 12:25:00,0,1.3202984125743973,0.8253003563351973,1.0123182300569349,1.2819709436006699,0.8945829398875363,-0.858708840124272,2
2022-10-30,144,10,5 days 13:00:00,0,1.0656284765373132,0.5063616426805247,0.6639038747831051,1.0494047690344737,0.5342493234934963,0.06580444577522353,3
2022-10-31,146,10,4 days 17:45:00,1,0.6005790281217679,0.33239507159615805,0.43162763793388514,0.6247187111309838,0.40999635232313764,0.7878052976205441,1
2022-11-01,130,11,5 days 13:00:00,1,0.43448993940193037,0.3034006430820969,0.4058191671728608,0.47304511902259466,0.36029516385499416,0.38278042951219415,5
2022-11-02,174,11,1 days 17:45:00,1,0.12445697379156709,0.17292571476882176,0.18644716570415326,0.18992108042026845,0.18634100421649202,0.4708293138835747,6
2022-11-03,180,11,6 days 17:45:00,1,-0.06377732675758203,-0.20400185591397285,-0.09744601266711557,0.018024342697427545,0.012386844577989982,1.0255372854232718,4
2022-11-04,175,11,2 days 17:45:00,1,-0.17450338590414038,-0.08802414185772836,-0.20067989571121325,-0.08309138537483186,-0.14914201794347628,0.814219962931958,0
2022-11-05,141,11,1 days 10:40:00,0,-0.5288267751731273,-0.07352692760069784,-0.3168180141358231,-0.5987815985433549,-0.14914201794347628,1.2896839385374133,2
2022-11-06,141,11,7 days 13:00:00,0,-0.3959555041972571,-0.6099238551108287,-0.4329561325604331,-0.4774427248566436,-0.5591768228056598,0.9550981779261676,3
2022-11-07,162,11,4 days 17:45:00,1,0.15767479153553468,0.3178978573391274,0.21225563646517762,0.22025579884194635,0.36029516385499416,-0.8410990632499956,1
2022-11-08,184,11,5 days 17:45:00,1,0.21303782110881384,-0.4069628555124008,-0.0845417772866034,0.27081366287807607,-0.22369380064569147,-0.09268354609326115,5
2022-11-09,197,11,0 days 17:45:00,1,0.3016186684260604,-0.11701857037178952,0.13483022418210439,0.35170624533588346,-0.1367167208264404,-0.2863910917102986,6
2022-11-10,196,11,2 days 17:45:00,1,0.002658308730352935,-0.0590297133436672,0.044500576518518735,0.07869377954078315,0.0248121416950258,0.893463958866201,4
2022-11-11,189,11,4 days 17:45:00,1,-0.21879380956276379,-0.4359572840264619,-0.3942434264188965,-0.12353767660373566,-0.36037206893308593,1.1047812813575146,0
2022-11-12,158,11,10 days 12:46:00,0,-0.6174076224903738,-0.5374377838256759,-0.6523281340291407,-0.5684468801216771,-0.4597744458693729,1.7211234719571784,2
2022-11-13,147,11,5 days 12:45:00,0,-0.45131853377053627,-0.6244210693678592,-0.6652323694096529,-0.37632699678438414,-0.6834297939760183,1.5186110379030022,3
2022-11-14,178,11,3 days 17:30:00,1,-0.28522944505069875,-0.45045449828349243,-0.4587646033214575,-0.18420711344709126,-0.3355214746990142,1.1135861697946523,1
2022-11-15,187,11,1 days 17:45:00,1,0.046948732388976316,-0.595426640853798,-0.2910095433747988,0.11914007076968694,-0.546751525688624,0.21548754920657068,5
2022-11-16,213,11,6 days 17:45:00,1,-0.22986641547741957,-0.24749349868506457,-0.2781053079942865,-0.13364924941096157,-0.03731434389015352,1.3689279344716563,6
2022-11-17,215,11,1 days 17:45:00,1,-0.10806775041620542,-0.37796842699833966,-0.21358413109172542,-0.022421948531476252,-0.3852226631671577,0.7173661901234399,4
2022-11-18,210,11,7 days 17:45:00,1,-0.49560895742915967,-0.10252135611475888,-0.34262648489684755,-0.558335307314451,-0.2361190977627273,1.2808790501002758,0
2022-11-19,168,11,0 days 12:45:00,0,-0.5509719870024389,-0.10252135611475888,-0.40714766179940864,-0.6190047441578067,-0.2733949891138349,0.6997564132491636,2
2022-11-20,157,11,3 days 13:00:00,0,-0.6506254402343414,-0.26199071294209514,-0.5103815448435063,-0.8313477731095514,-0.4597744458693729,0.12743866483519015,3
2022-11-21,170,11,3 days 17:45:00,1,-0.6506254402343414,-0.46495171254052303,-0.6265196632681163,-0.6088931713505807,-0.6710044968589826,0.38278042951219415,1
2022-11-22,197,11,2 days 18:00:00,1,-0.8388597407834906,-0.46495171254052303,-0.5749027217460674,-0.8616824915312293,-0.5716021199226956,0.9550981779261676,5
2022-11-23,205,11,5 days 17:45:00,1,-0.5177541692584713,-0.31997956997021737,-0.5232857802240186,-0.40666171520606204,-0.41007325740122946,0.3739755410750554,6
2022-11-24,207,11,5 days 20:15:00,1,-0.5509719870024389,-0.5519349980827064,-0.44586036794094525,-0.7100088994228402,-0.4846250401034446,0.8758541819919246,4
2022-11-25,211,11,4 days 17:45:00,1,-0.31844726279466634,-0.7693932119381649,-0.6007111925070918,-0.21454183186876916,-0.5964527141567674,0.7966101860576829,0
2022-11-26,172,11,5 days 04:30:00,0,-0.7724241052955555,-0.6969071406530121,-0.6007111925070918,-0.6695626081939364,-0.41007325740122946,1.2808790501002758,2
2022-11-27,156,11,5 days 13:00:00,0,-1.0492392531619514,-1.0883319255928372,-1.155593313869117,-1.1043602389046518,-1.0313381132530226,1.527415926340141,3
2022-11-28,178,11,5 days 17:45:00,1,-0.805641923039523,-0.7403987834241037,-0.7813704878342629,-0.6796741810011624,-0.8573839536145205,0.9110737357404773,1
2022-11-29,191,11,3 days 17:45:00,1,-0.8610049526128022,-0.37796842699833966,-0.5878069571265797,-0.7706783362661959,-0.3479467718160501,1.5978550338372453,5
2022-11-30,211,11,4 days 17:45:00,1,-1.1267474945645422,-0.595426640853798,-0.9233170770198972,-1.1245833845191038,-0.6710044968589826,0.8846590704290634,6
2022-12-01,220,12,3 days 17:45:00,1,-1.1710379182231656,-0.6824099263959814,-0.9491255477809216,-1.0133560836396185,-0.7082803882100902,0.9815128432375815,4
2022-12-02,214,12,5 days 17:45:00,1,-1.1931831300524773,-0.6099238551108287,-0.9362213124004095,-1.0133560836396185,-0.633728605507875,1.2456594963517231,0
2022-12-03,176,12,3 days 15:17:00,0,-1.3260544010283473,-0.8708737117373788,-1.1943060200106537,-1.3167032678563966,-0.9567863305508075,1.6242696991486592,2
2022-12-04,158,12,7 days 14:00:00,0,-1.2485461596257565,-0.8708737117373788,-1.1039763723470681,-1.0639139476757482,-0.9692116276678433,1.80036746789142,3
2022-12-05,167,12,8 days 17:45:00,1,-0.9938762235886722,-0.6969071406530121,-0.8975086062588727,-0.9324635011818109,-0.7952574680293412,1.3865377113459314,1
2022-12-06,177,12,1 days 17:45:00,1,-1.093529676820575,-0.7403987834241037,-0.9104128416393851,-0.9526866467962627,-0.7455562795611976,0.9286835126147537,5
2022-12-07,184,12,0 days 17:45:00,1,-1.082457070905919,-0.6534154978819203,-0.9362213124004095,-1.0335792292540702,-0.6958550910930543,0.7437808554348538,6
2022-12-08,199,12,2 days 18:00:00,1,-1.1488927063938539,-1.0593374970787761,-1.0781679015860437,-0.9729097924107146,-0.9692116276678433,0.9374884010518912,4
2022-12-09,186,12,8 days 17:45:00,1,-1.4699982779188732,-1.1753152111350205,-1.3233483738157759,-1.266145403820267,-1.1307404901893097,1.501001261028727,0
2022-12-10,148,12,9 days 08:29:00,0,-1.4699982779188732,-1.0448402828217456,-1.2588271969132148,-1.266145403820267,-1.2549934613596683,1.6594892528972118,2
2022-12-11,130,12,2 days 14:05:00,0,-1.69145039621199,-1.334784567962357,-1.5556246106649956,-1.6402735976876266,-1.3916717296470624,0.6645368595006121,3
2022-12-12,148,12,0 days 17:45:00,1,-1.6582325784680223,-1.7407065671592128,-1.7491881413726789,-1.6706083161093046,-1.8265571287433178,0.12743866483519015,1
2022-12-13,161,12,1 days 17:45:00,1,-2.167572450542191,-2.3350923516974658,-2.2008363796906063,-2.297525830157313,-2.286293122073645,0.6645368595006121,5
2022-12-14,175,12,5 days 17:45:00,1,-1.4146352483455942,-1.7407065671592128,-1.5427203752844834,-1.245922258205815,-1.8762583172114615,1.2808790501002758,6
2022-12-15,185,12,6 days 17:45:00,1,-1.5253613074921524,-1.131823568363929,-1.387869550718337,-1.417818995928656,-1.2177175700085605,1.6154648107115215,4
2022-12-16,176,12,3 days 17:45:00,1,-1.5032160956628406,-1.2333040681631429,-1.4265822568598734,-1.4784884327720116,-1.4040970267640986,1.527415926340141,0
2022-12-17,137,12,3 days 10:30:00,0,-1.7800312435292367,-1.7841982099303044,-1.7749966121337033,-1.5694925880370452,-1.7023041575729592,1.0255372854232718,2
2022-12-18,119,12,5 days 13:00:00,0,-2.0014833618223533,-1.697214924388121,-1.92984743669985,-1.9031744906755013,-1.8514077229773898,1.3865377113459314,3
2022-12-19,134,12,3 days 18:00:00,1,-1.2374735537111006,-1.697214924388121,-1.4007737860988492,-1.0538023748685221,-1.615327077753708,1.2544643847888606,1
2022-12-20,151,12,6 days 17:45:00,1,-0.7502788934662439,-0.8128848547092565,-0.8975086062588727,-0.6695626081939364,-0.807682765146377,1.324903492285966,5
2022-12-21,174,12,4 days 17:45:00,1,-0.5731171988317504,-0.46495171254052303,-0.4587646033214575,-0.578558452928903,-0.41007325740122946,1.0607568391718245,6
2022-12-22,172,12,0 days 17:45:00,1,-0.24093902139207538,-0.044532499086636694,-0.058733306525578836,-0.14376082221818745,-0.1367167208264404,-0.1543177651532278,4
2022-12-23,156,12,1 days 17:45:00,1,-0.1855759918187962,0.2599090003110052,0.12192598880159221,-0.09320295818205776,0.18634100421649202,1.0871715044832384,0
2022-12-24,112,12,0 days 14:35:00,0,-0.28522944505069875,0.28890342882506626,0.0186921057574944,-0.18420711344709126,0.24846748980167133,-0.06626888078184726,2
2022-12-25,75,12,0 days 14:35:00,0,0.01373091464500873,0.17292571476882176,-0.0329248357645545,0.08880535234800906,0.2236168955675997,0.5236586445064025,3
2022-12-26,62,12,6 days 09:45:00,1,0.03587612647432052,0.08594242922663843,-0.058733306525578836,0.10902849796246104,-0.18641790929458385,0.06580444577522353,1
2022-12-27,78,12,0 days 17:45:00,1,-0.739206287551588,-0.5229405695686453,-0.6265196632681163,-0.8010130546878736,-0.5840274170397315,0.3299510988893651,5
2022-12-28,83,12,1 days 17:50:00,1,-0.5177541692584713,-0.6534154978819203,-0.6265196632681163,-0.5280005888927732,-0.633728605507875,-0.11029332296753751,6
2022-12-29,92,12,1 days 17:40:00,1,-0.07484993267223783,-0.21849907017100348,-0.14906295418916446,0.00791276989020164,-0.2733949891138349,-1.8096367913351814,4
2022-12-30,88,12,4 days 17:50:00,1,-0.4070281101119129,-0.24749349868506457,-0.30391377875531095,-0.4471080064349657,-0.2733949891138349,0.42680487169788445,0
2022-12-31,68,12,1 days 15:10:00,0,0.5230707867191772,0.6368365709937999,0.5477657563584951,0.5539377014804022,0.7330540773660701,-0.8939283938728234,2
2023-01-01,60,1,15 days 15:00:00,0,0.47878036306055394,0.3178978573391274,0.3154895195092754,0.5134914102514987,0.3851457580890659,-1.3870021463525546,3
2023-01-02,91,1,2 days 17:45:00,1,0.1133843678769113,-0.18950464165694234,-0.045829071145066666,0.17980950761304254,-0.14914201794347628,-0.603367075447268,1
2023-01-03,120,1,5 days 17:45:00,1,-0.3627376864532897,-0.21849907017100348,-0.30391377875531095,-0.25498812309767294,-0.14914201794347628,0.9110737357404773,5
2023-01-04,148,1,2 days 17:45:00,1,-0.29630205096535456,-0.4069628555124008,-0.30391377875531095,-0.19431868625431717,-0.3852226631671577,0.21548754920657068,6
2023-01-05,148,1,1 days 17:45:00,1,-0.29630205096535456,0.4048811428813109,0.057404811899031134,-0.19431868625431717,0.2236168955675997,0.5412684213806789,4
2023-01-06,126,1,4 days 09:13:00,1,-0.3405924746239779,-0.11701857037178952,-0.20067989571121325,-0.23476497748322095,-0.09944082947533284,0.514853756069265,0
2023-01-07,107,1,4 days 09:13:00,0,-0.3848828982826013,-0.36347121274130906,-0.3813391910383842,-0.27521126871212476,-0.29824558334790663,0.1714631070208804,2
2023-01-08,104,1,4 days 14:00:00,0,-0.5841898047464065,-0.7548959976811342,-0.6652323694096529,-0.46733115204941766,-0.7082803882100902,-0.11909821140467507,3
2023-01-09,144,1,4 days 17:45:00,1,-0.7281336816369322,-0.3054823557131868,-0.4974773094629942,-0.8212362003023256,-0.546751525688624,-0.25117153796174585,1
2023-01-10,164,1,3 days 17:45:00,1,-0.9385131940153931,-0.7114043549100426,-0.7813704878342629,-1.0436908020612963,-0.7455562795611976,0.2947315451408136,5
2023-01-11,187,1,1 days 18:00:00,1,-0.26308423322138713,-0.6389182836248898,-0.40714766179940864,-0.16398396783263947,-0.7704068737952695,0.15385333014660404,6
2023-01-12,196,1,2 days 18:00:00,1,-0.5177541692584713,-0.26199071294209514,-0.3813391910383842,-0.6998973266156142,-0.4597744458693729,-0.4096595298302305,4
2023-01-13,196,1,5 days 17:50:00,1,-0.20772120364810798,-0.26199071294209514,-0.20067989571121325,-0.11342610379650975,-0.5094756343375163,-0.8234892863757193,0
2023-01-14,160,1,2 days 13:00:00,0,-0.45131853377053627,-0.4069628555124008,-0.40714766179940864,-0.4774427248566436,-0.5343262285715881,-0.6121719638844055,2
2023-01-15,140,1,4 days 12:45:00,0,-0.05270472084292624,-0.5374377838256759,-0.36843495565787204,0.02813591550465345,-0.6710044968589826,-0.5769524101358541,3
2023-01-16,165,1,6 days 17:45:00,1,-0.8942227703567697,-0.8418792832233177,-0.8717001354978484,-0.8313477731095514,-0.994062221901915,-0.6826110713815109,1
2023-01-17,201,1,1 days 17:50:00,1,-1.1046022827352306,-0.7693932119381649,-0.9620297831614338,-1.0436908020612963,-0.8449586564974847,-0.5065133026387498,5
2023-01-18,220,1,8 days 17:48:00,1,-1.1821105241378214,-0.9578569972795622,-1.1039763723470681,-1.245922258205815,-1.1431657873063452,-0.21595198421319314,6
2023-01-19,218,1,7 days 17:45:00,1,-1.4478530660895614,-1.1898124253920512,-1.3620610799573123,-1.3672611318925263,-1.3295452440618831,-0.09268354609326115,4
2023-01-20,222,1,5 days 17:45:00,1,-1.602869548894743,-1.16081799687799,-1.4007737860988492,-1.427930568735882,-1.2052922728915245,0.6029026404406455,0
2023-01-21,180,1,1 days 16:00:00,0,-1.7135956080413015,-1.3202873537053261,-1.5427203752844834,-1.761612471374338,-1.4040970267640986,1.3072937154116897,2
2023-01-22,162,1,1 days 16:30:00,0,-1.6693051843826783,-1.4362650677615707,-1.5556246106649956,-1.4481537143503338,-1.3046946498278116,1.2104399426031704,3
2023-01-23,195,1,2 days 17:45:00,1,-1.4810708838335291,-1.4652594962756318,-1.4265822568598734,-1.6200504520731749,-1.3668211354129909,1.342513269160241,1
2023-01-24,214,1,3 days 17:45:00,1,-1.348199612857659,-0.8128848547092565,-1.1168806077275806,-1.417818995928656,-0.9816369247848792,1.6947088066457632,5
2023-01-25,214,1,6 days 17:45:00,1,-1.4146352483455942,-0.9723542115365928,-1.2459229615327028,-1.3369264134708485,-1.006487519018951,1.5626354800886924,6
2023-01-26,232,1,1 days 18:00:00,1,-1.613942154809399,-1.0738347113358067,-1.4007737860988492,-1.417818995928656,-1.0686140046041304,0.9815128432375815,4
2023-01-27,226,1,3 days 17:45:00,1,-1.5807243370654316,-1.131823568363929,-1.4007737860988492,-1.4683768599647857,-1.1431657873063452,1.1576106119803424,0
2023-01-28,183,1,4 days 02:33:00,0,-1.492143489748185,-1.1028291398498677,-1.3491568445768003,-1.3470379862780744,-1.180441678657453,0.9286835126147537,2
2023-01-29,153,1,4 days 13:00:00,0,-1.5032160956628406,-1.2333040681631429,-1.336252609196288,-1.3369264134708485,-1.2922693527107758,0.6029026404406455,3
2023-01-30,172,1,2 days 17:45:00,1,-1.1156748886498864,-1.4072706392475098,-1.2072102553911659,-1.4481537143503338,-1.5407752950514932,0.004170226715258168,1
2023-01-31,198,1,5 days 17:45:00,1,-1.071384464991263,-0.6824099263959814,-0.8846043708783605,-1.3167032678563966,-0.994062221901915,-0.4624888604530596,5
2023-02-01,202,2,1 days 17:45:00,1,-0.9606584058447046,-0.4069628555124008,-0.7039450755511896,-1.266145403820267,-0.7331309824441619,-0.5065133026387498,6
2023-02-02,211,2,2 days 18:00:00,1,-1.004948829503328,-0.3054823557131868,-0.7039450755511896,-1.3369264134708485,-0.7331309824441619,0.3211462104522276,4
2023-02-03,212,2,6 days 18:00:00,1,-0.7281336816369322,-0.232996284428034,-0.5232857802240186,-1.0234676564468443,-0.5840274170397315,-0.3128057570217125,0
2023-02-04,179,2,0 days 11:45:00,0,-0.9717310117593606,-0.8563764974803482,-0.8200831939757995,-1.0538023748685221,-0.7579815766782336,0.5060488676321262,2
2023-02-05,160,2,4 days 13:00:00,0,-1.1488927063938539,-1.2478012824201734,-1.1814017846301417,-1.0639139476757482,-1.1183151930722737,0.8494395166805107,3
2023-02-06,182,2,4 days 17:45:00,1,-1.4699982779188732,-1.2767957109342347,-1.387869550718337,-1.397595850314204,-1.3916717296470624,0.1978777723322943,1
2023-02-07,199,2,4 days 17:45:00,1,-1.337127006943003,-1.6827177101310902,-1.568528846045508,-1.5088231511936894,-1.7644306431581385,-0.43607419514164447,5
2023-02-08,220,2,4 days 17:45:00,1,-1.547506519321464,-1.726209352902182,-1.6717627290896055,-1.7818356169887897,-1.9880859912647841,-0.5769524101358541,6
2023-02-09,219,2,5 days 17:45:00,1,-0.9938762235886722,-1.9146731382435795,-1.4781991983819223,-1.0032445108323924,-1.7768559402751745,-0.3832448645188166,4
2023-02-10,220,2,6 days 17:45:00,1,-0.9606584058447046,-1.4217678535045402,-1.2588271969132148,-0.9324635011818109,-1.3295452440618831,-0.2951959801474361,0
2023-02-11,176,2,17 days 08:00:00,0,-0.739206287551588,-1.2043096396490818,-0.9620297831614338,-0.740343617844518,-1.1307404901893097,-0.8234892863757193,2
2023-02-12,149,2,8 days 13:00:00,0,-0.6395528343196855,-0.6534154978819203,-0.6910408401706774,-0.7504551906517439,-0.6834297939760183,0.4972439791949886,3
2023-02-13,163,2,3 days 17:45:00,1,-1.2596187655404123,-0.8853709259944094,-1.091072136966556,-1.114471811711878,-0.8325333593804488,1.6066599222743827,1
2023-02-14,176,2,3 days 17:45:00,1,-0.9163679821860815,-1.1028291398498677,-1.1684975492496292,-0.8920172099529071,-0.907085142082664,1.4129523766573466,5
2023-02-15,201,2,4 days 17:45:00,1,-0.6838432579783089,-1.1898124253920512,-1.1168806077275806,-0.6695626081939364,-1.081039301721166,1.2632692732259994,6
2023-02-16,212,2,5 days 17:45:00,1,-0.05270472084292624,-1.1463207826209596,-0.549094250985043,0.02813591550465345,-0.7952574680293412,-0.7530501788786151,4
2023-02-17,221,2,3 days 17:45:00,1,0.002658308730352935,0.3613895001102191,0.18644716570415326,0.07869377954078315,0.24846748980167133,-1.5630999150953155,0
2023-02-18,192,2,3 days 12:28:00,0,0.05802133830363211,0.6948254280219222,0.302585284128763,0.12925164357691285,0.7827552658342136,-0.7442452904414762,2
2023-02-19,160,2,4 days 14:00:00,0,-0.27415683913604294,0.2744062145680357,-0.058733306525578836,-0.17409554063986535,-3.845253904594856e-05,-0.400854641393093,3
2023-02-20,171,2,2 days 17:45:00,1,0.1023117619622555,-0.01553807057257554,-0.0071163650035299345,0.16969793480581666,-0.21126850352865562,-1.2285141544840699,1
2023-02-21,173,2,2 days 17:45:00,1,0.22411042702346964,-0.16051021314288116,-0.045829071145066666,0.280925235685302,-0.1367167208264404,-1.3341728157297261,5
2023-02-22,191,2,2 days 17:45:00,1,0.268400850682093,-0.5374377838256759,-0.14906295418916446,0.32137152691420573,-0.4846250401034446,-0.9467577244956525,6
2023-02-23,200,2,0 days 17:45:00,1,-0.2520116273067314,-0.030035284829606053,-0.17487142495018881,-0.15387239502541356,0.06208803304613337,0.42680487169788445,4
2023-02-24,206,2,5 days 17:45:00,1,-0.32951986870932215,-0.3054823557131868,-0.3297222495163354,-0.22465340467599507,-0.29824558334790663,0.7613906323091302,0
2023-02-25,162,2,1 days 14:55:00,0,-1.0492392531619514,-0.9723542115365928,-0.9878382539224583,-1.276256976627493,-1.1307404901893097,0.5852928635663691,2
2023-02-26,136,2,5 days 14:00:00,0,-1.4810708838335291,-1.4507622820186015,-1.4781991983819223,-1.7211661801454343,-1.4910741065833495,0.5676830866920928,3
2023-02-27,162,2,3 days 17:45:00,1,-1.5585791252361199,-1.1753152111350205,-1.4394864922403858,-1.8526166266393715,-1.5283499979344572,-0.18953731890177924,1
2023-02-28,194,2,3 days 17:45:00,1,-1.2264009477964448,-1.4362650677615707,-1.3491568445768003,-1.3874842775069782,-1.5780511864026006,-0.25117153796174585,5
2023-03-01,205,3,4 days 17:45:00,1,-0.8831501644421139,-1.001348640050654,-1.0007424893029706,-0.9729097924107146,-1.2052922728915245,-0.25117153796174585,6
2023-03-02,219,3,4 days 18:00:00,1,-0.44024592785588046,-0.9578569972795622,-0.845891664736824,-0.37632699678438414,-0.8698092507315563,0.3035364335779512,4
2023-03-03,218,3,1 days 17:45:00,1,-0.7281336816369322,-0.8418792832233177,-0.845891664736824,-0.6796741810011624,-0.8573839536145205,0.5500733098178164,0
2023-03-04,186,3,6 days 10:00:00,0,-0.816714528954179,-0.9143653545084706,-1.0136467246834826,-0.922351928374585,-1.0437634103700584,0.3387559873265039,2
2023-03-05,153,3,4 days 16:00:00,0,-1.1267474945645422,-0.8853709259944094,-1.039455195444507,-1.0841370932902,-0.9692116276678433,-0.18953731890177924,3
2023-03-06,178,3,3 days 18:00:00,1,-1.1046022827352306,-0.7259015691670733,-0.9233170770198972,-1.1346949573263296,-0.6461539026249109,-0.6561964060700958,1
2023-03-07,181,3,0 days 17:45:00,1,-0.6284802284050297,-0.5809294265967675,-0.6781366047901652,-0.7302320450372921,-0.7952574680293412,-1.5542950266581774,5
2023-03-08,209,3,6 days 17:45:00,1,-0.1523581740748288,-0.5374377838256759,-0.3555307202773598,-0.06286823976038004,-0.7082803882100902,-0.8499039516871332,6
2023-03-09,218,3,2 days 17:45:00,1,0.046948732388976316,0.15842850051179125,0.08321328266005547,0.11914007076968694,-3.845253904594856e-05,-0.7090257366929248,4
2023-03-10,227,3,2 days 17:45:00,1,-0.09699514450154963,-0.16051021314288116,-0.13615871880865207,-0.012310375724250349,-0.5964527141567674,-0.9907821666813421,0
2023-03-11,183,3,1 days 11:59:00,0,-1.004948829503328,-0.8128848547092565,-0.9491255477809216,-1.1549181029407816,-1.1680163815404172,-1.4310265885382447,2
2023-03-12,154,3,5 days 13:10:00,0,-0.47346374559984805,-0.8128848547092565,-0.6523281340291407,-0.558335307314451,-0.7207056853271261,0.2683168798293997,3
2023-03-13,181,3,5 days 17:45:00,1,0.6227242399510798,-0.16051021314288116,0.25096834260671436,0.6449418567454359,-0.19884320641161973,-1.158075046986965,1
2023-03-14,204,3,3 days 17:45:00,1,-0.130212962245517,-0.21849907017100348,-0.12325448342813991,-0.04264509414592806,-0.47219974298640877,-0.2335617610874695,5
2023-03-15,222,3,3 days 17:45:00,1,-0.8388597407834906,-0.8128848547092565,-0.845891664736824,-1.0335792292540702,-1.0313381132530226,-0.10148843453039871,6
2023-03-16,226,3,3 days 17:45:00,1,-0.45131853377053627,-0.928862568765501,-0.7168493109317018,-0.49766587047109545,-0.9443610334337715,-0.09268354609326115,4
2023-03-17,230,3,5 days 17:45:00,1,0.2573282447674372,-0.6244210693678592,-0.17487142495018881,0.3112599541069798,-0.5964527141567674,-0.9115381707470998,0
2023-03-18,200,3,0 days 08:20:00,0,0.4898529689752095,-0.07352692760069784,0.21225563646517762,0.5236029830587243,-0.04973964100718934,-1.3693923694782788,2
2023-03-19,174,3,8 days 13:00:00,0,-0.019486903098958657,0.07144521496960779,0.0186921057574944,0.05847063392633134,0.08693862728020513,-0.19834220733891803,3
2023-03-20,192,3,1 days 17:45:00,1,-0.11914035633086122,0.2744062145680357,-0.0071163650035299345,-0.03253352133870216,0.16149040998242037,-0.004634661721880635,1
2023-03-21,203,3,3 days 17:45:00,1,0.19089260927950205,0.2454117860539746,0.1606386949431287,0.2505905172636241,0.3354445696209224,-0.8234892863757193,5
2023-03-22,213,3,4 days 17:45:00,1,0.6116516340364239,0.18742292902585242,0.45743610869490975,0.6348302839382098,0.24846748980167133,-1.756807460712353,6
2023-03-23,210,3,1 days 17:45:00,1,0.5119981808045215,0.5788477139656776,0.5219572855974708,0.5438261286731766,0.559099917727568,-1.6071243572810059,4
2023-03-24,218,3,1 days 17:45:00,1,0.15767479153553468,0.5498532854516165,0.3412979902702998,0.22025579884194635,0.26089278691870726,-0.34802531077026394,0
2023-03-25,185,3,2 days 14:30:00,0,-0.29630205096535456,0.23091457179694408,-0.058733306525578836,-0.19431868625431717,-0.03731434389015352,-0.9995870551184803,2
2023-03-26,155,3,12 days 14:00:00,0,-0.49560895742915967,-0.01553807057257554,-0.26520107261377435,-0.5482237345072252,-0.3355214746990142,-0.031049327033294542,3
2023-03-27,172,3,2 days 17:45:00,1,-0.8831501644421139,-0.798387640452226,-0.8200831939757995,-1.0538023748685221,-1.1680163815404172,0.47963420232071224,1
2023-03-28,208,3,5 days 17:45:00,1,-0.7281336816369322,-0.9433597830225317,-0.8717001354978484,-0.7504551906517439,-1.192866975774489,-0.9379528360585137,5
2023-03-29,215,3,3 days 17:45:00,1,0.05802133830363211,-0.4214600697694313,-0.16196718956967665,0.12925164357691285,-0.42249855451826523,-0.6121719638844055,6
2023-03-30,210,3,1 days 17:45:00,1,0.19089260927950205,0.6223393567367693,0.2638725779872265,0.2505905172636241,0.5342493234934963,0.2947315451408136,4
2023-03-31,200,3,4 days 17:45:00,1,0.002658308730352935,0.33239507159615805,0.044500576518518735,0.07869377954078315,0.0745133301631693,-0.031049327033294542,0
2023-04-01,167,4,4 days 12:47:00,0,-0.27415683913604294,0.2019201432828829,-0.11035024804762773,-0.17409554063986535,-0.11186612659236866,-0.5505377448244402,2
2023-04-02,140,4,4 days 14:00:00,0,-0.3848828982826013,-0.4214600697694313,-0.2781053079942865,-0.27521126871212476,-0.7331309824441619,0.21548754920657068,3
2023-04-03,171,4,4 days 17:45:00,1,-0.9385131940153931,-0.7259015691670733,-0.8587959001173361,-1.0841370932902,-0.9319357363167357,-0.400854641393093,1
2023-04-04,184,4,1 days 17:45:00,1,-1.0603118590766072,-1.1898124253920512,-1.1168806077275806,-1.1852528213624594,-1.3171199469448476,-1.510270584472487,5
2023-04-05,189,4,3 days 17:45:00,1,-0.7945693171248672,-1.2333040681631429,-0.9749340185419461,-0.8111246274950996,-1.2052922728915245,-1.5014656960353496,6
2023-04-06,194,4,2 days 17:45:00,1,-0.30737465688001053,-1.0738347113358067,-0.6136154278876041,-0.20443025906154325,-0.8946598449656282,-1.8976856757065619,4
2023-04-07,159,4,0 days 09:10:00,1,-0.24093902139207538,-0.232996284428034,-0.26520107261377435,-0.14376082221818745,-0.3230961775819784,-1.131660381675551,0
2023-04-08,128,4,0 days 09:10:00,0,-0.7945693171248672,-0.2909851414561562,-0.5749027217460674,-0.6493394625794846,-0.36037206893308593,0.8318297398062343,2
2023-04-09,86,4,3 days 12:17:00,0,-0.3848828982826013,-0.4359572840264619,-0.3942434264188965,-0.27521126871212476,-0.18641790929458385,-0.18073243046464169,3
2023-04-10,86,4,6 days 13:00:00,1,0.1023117619622555,-0.7259015691670733,-0.17487142495018881,0.16969793480581666,-0.6834297939760183,-1.2637337082326219,1
2023-04-11,109,4,5 days 17:50:00,1,-0.14128556816017301,0.05694800071257728,0.03159634113800657,-0.05275666695315415,0.08693862728020513,-0.8499039516871332,5
2023-04-12,148,4,5 days 17:45:00,1,0.05802133830363211,-0.14601299888585068,-0.11035024804762773,0.12925164357691285,-0.17399261217754797,0.23309732608084702,6
2023-04-13,169,4,3 days 17:45:00,1,-0.5066815633438154,-0.10252135611475888,-0.34262648489684755,-0.5886700257361289,-0.26096969199679904,-0.048659103907570896,4
2023-04-14,163,4,4 days 17:59:00,1,-0.5066815633438154,-0.36347121274130906,-0.5361900156045307,-0.4875542976638695,-0.4349238516353011,1.1311959466689285,0
2023-04-15,136,4,2 days 11:00:00,0,-0.5177541692584713,-0.13151578462882002,-0.3942434264188965,-0.578558452928903,-0.24854439487976318,0.24190221451798458,2
2023-04-16,130,4,10 days 13:10:00,0,-0.5731171988317504,-0.17500742739991168,-0.4200518971799209,-0.578558452928903,-0.3355214746990142,0.9727079548004439,3
2023-04-17,165,4,6 days 17:45:00,1,-0.19664859773345217,-0.13151578462882002,-0.23939260185274988,-0.10331453098928385,-0.04973964100718934,0.7085613016863024,1
2023-04-18,190,4,3 days 17:45:00,1,-0.29630205096535456,0.027953572198516127,-0.13615871880865207,-0.19431868625431717,-0.04973964100718934,0.8406346282433731,5
2023-04-19,203,4,1 days 17:45:00,1,-0.4181007160265689,-0.21849907017100348,-0.30391377875531095,-0.40666171520606204,-0.2361190977627273,1.1576106119803424,6
2023-04-20,210,4,1 days 17:59:00,1,-0.6506254402343414,-0.3054823557131868,-0.549094250985043,-0.5178890160855474,-0.4597744458693729,1.0783666160460996,4
2023-04-21,208,4,4 days 17:45:00,1,0.6116516340364239,-0.01553807057257554,0.2638725779872265,0.6348302839382098,0.11178922151427688,-0.43607419514164447,0
2023-04-22,169,4,5 days 12:00:00,0,0.9216845996467874,0.05694800071257728,0.6897123455441294,0.9179543225405362,0.13663981574834863,-1.5719048035324537,2
2023-04-23,156,4,7 days 13:00:00,0,0.37912690982865116,0.6658309995078608,0.5477657563584951,0.422487254986465,0.7579046716001417,-0.039854215470432094,3
2023-04-24,169,4,7 days 17:45:00,1,-0.11914035633086122,0.3034006430820969,0.09611751804056765,-0.03253352133870216,0.31059397538685063,1.0783666160460996,1
2023-04-25,192,4,1 days 17:59:00,1,-0.31844726279466634,-0.030035284829606053,-0.30391377875531095,-0.21454183186876916,-0.07459023524126109,0.3475608757636415,5
2023-04-26,215,4,4 days 17:45:00,1,-0.21879380956276379,-0.20400185591397285,-0.2781053079942865,-0.12353767660373566,-0.2733949891138349,-0.1543177651532278,6
2023-04-27,222,4,5 days 17:45:00,1,0.14660218562087887,-0.21849907017100348,0.0703090472795433,0.21014422603472044,-0.08701553235829697,-0.8322941748128568,4
2023-04-28,212,4,5 days 17:45:00,1,0.046948732388976316,0.4483727856524024,0.19935140108466545,0.11914007076968694,0.3975710552061017,1.0255372854232718,0
2023-04-29,176,4,9 days 15:00:00,0,0.4566351512312423,0.6658309995078608,0.534861520977983,0.4932682646370468,0.7579046716001417,0.1186337763980526,2
2023-04-30,148,4,5 days 05:00:00,0,0.2573282447674372,0.4918644284234942,0.35420222565081194,0.3112599541069798,0.40999635232313764,-0.524123079513025,3
2023-05-01,142,5,6 days 14:00:00,1,-0.09699514450154963,0.027953572198516127,0.03159634113800657,-0.012310375724250349,0.21119159845056376,0.5588781982549552,1
2023-05-02,169,5,3 days 17:45:00,1,-0.06377732675758203,0.2744062145680357,0.10902175342107981,0.018024342697427545,0.34786986673795833,0.9462932894890288,5
2023-05-03,191,5,0 days 17:45:00,1,0.3569816979993396,-0.08802414185772836,0.09611751804056765,0.4022641093720132,0.11178922151427688,0.6469270826263357,6
2023-05-04,197,5,2 days 17:45:00,1,0.6670146636097031,0.027953572198516127,0.4832445794559341,0.6853881479743396,0.0248121416950258,-0.7706599557528915,4
2023-05-05,200,5,5 days 17:45:00,1,0.9991928410493781,0.3758867143672496,0.8316589347297639,0.9887353321911178,0.4348469465572093,-0.7442452904414762,0
2023-05-06,168,5,1 days 10:00:00,0,0.6116516340364239,0.7818087135641054,0.6768081101636173,0.6348302839382098,0.8573070485364287,0.3035364335779512,2
2023-05-07,144,5,5 days 13:00:00,0,0.9438298114760989,0.6658309995078608,0.896180111632325,0.938177468154988,0.7579046716001417,-0.3656350876445403,3
2023-05-08,159,5,3 days 17:45:00,1,0.334836486170028,0.7818087135641054,0.5735742271195197,0.38204096375756136,0.8573070485364287,-0.11029332296753751,1
2023-05-09,178,5,0 days 17:45:00,1,0.7777407227562614,0.23091457179694408,0.650999639402593,0.786503876046599,0.2733180840357431,-0.7178306251300623,5
2023-05-10,193,5,6 days 17:59:00,1,0.15767479153553468,0.5498532854516165,0.35420222565081194,0.22025579884194635,0.5218240263764605,1.2896839385374133,6
2023-05-11,205,5,0 days 17:45:00,1,-0.4181007160265689,0.3178978573391274,-0.071637541906091,-0.3257691327482545,0.21119159845056376,1.6154648107115215,4
2023-05-12,192,5,1 days 17:45:00,1,-0.05270472084292624,0.43387557139537186,0.14773445956261655,0.02813591550465345,0.5466746206105321,1.0079275085489954,0
2023-05-13,159,5,0 days 02:24:00,0,0.02480352055966453,0.4483727856524024,0.1606386949431287,0.09891692515523495,0.32301927250388657,0.7878052976205441,2
2023-05-14,130,5,8 days 13:00:00,0,0.3016186684260604,0.5208588569375552,0.23806410722620194,0.35170624533588346,0.45969754079128106,0.7701955207462677,3
2023-05-15,153,5,6 days 17:45:00,1,0.2905460625114048,0.5498532854516165,0.2767768133677387,0.3415946725286577,0.5466746206105321,0.7613906323091302,1
2023-05-16,169,5,3 days 17:59:00,1,-0.14128556816017301,0.47736721416646366,0.10902175342107981,-0.05275666695315415,0.3354445696209224,1.2808790501002758,5
2023-05-17,174,5,7 days 17:45:00,1,-0.019486903098958657,0.15842850051179125,0.03159634113800657,0.05847063392633134,0.0745133301631693,-0.7882697326271666,6
2023-05-18,137,5,15 days 13:20:00,1,0.0912391560475997,-0.17500742739991168,0.03159634113800657,0.15958636199859075,-0.12429142370940453,-0.2687813148360222,4
2023-05-19,148,5,5 days 17:50:00,1,0.16874739745019046,0.34689228585318854,0.2638725779872265,0.23036737164917226,0.2733180840357431,-0.11029332296753751,0
2023-05-20,125,5,12 days 05:00:00,0,0.9327572055614429,0.7818087135641054,0.8574674054907883,0.928065895347762,0.8573070485364287,-0.2863910917102986,2
2023-05-21,102,5,3 days 14:00:00,0,1.3978066539769884,1.0427585701906557,1.2445944669061548,1.3527519532512517,1.0809623966430741,-1.6951732416523864,3
2023-05-22,113,5,9 days 18:00:00,1,1.264935383001118,0.6948254280219222,1.192977525384106,1.2314130795645402,0.7827552658342136,-0.8058795095014429,1
2023-05-23,134,5,3 days 17:45:00,1,0.8552489641588522,1.3327028553312672,1.025222465437447,0.8572848856971804,1.3294683389837916,-0.3392204223331264,5
2023-05-24,160,5,5 days 17:45:00,1,0.19089260927950205,0.796305927821136,0.44453187331439753,0.2505905172636241,0.8697323456534646,-0.25117153796174585,6
2023-05-25,181,5,4 days 17:45:00,1,0.810958540500229,0.7093226422789527,0.6897123455441294,0.8168385944682769,0.7951805629512494,-0.3568301992074027,4
2023-05-26,175,5,1 days 17:45:00,1,1.0324106587933457,0.6513337852508303,0.973605523915398,1.0190700506127957,0.7454793744831059,-0.7354404020043387,0
2023-05-27,146,5,31 days 05:00:00,0,0.9216845996467874,0.767311499307075,0.973605523915398,0.9179543225405362,0.8448817514193929,-1.6687585763409725,2
2023-05-28,125,5,2 days 09:32:00,0,0.9327572055614429,0.5063616426805247,0.8703716408713007,0.928065895347762,0.5093987292594244,-1.9769296716408042,3
2023-05-29,113,5,7 days 13:00:00,1,1.0656284765373132,0.4483727856524024,0.9607012885348861,1.0494047690344737,0.45969754079128106,-1.651148799466696,1
2023-05-30,137,5,9 days 17:59:00,1,1.0434832647080012,0.8977864276203501,1.038126700817959,1.0291816234200213,0.9567094254727158,-1.9241003410179758,5
2023-05-31,152,5,1 days 17:45:00,1,1.076701082451969,0.7238198565359831,1.063935171578984,1.0595163418416993,0.8076058600682852,-2.2234665478806694,6
2023-06-01,158,6,1 days 18:00:00,1,1.264935383001118,0.8832892133633193,1.2316902315256424,1.2314130795645402,0.9442841283556797,-1.792027014460905,4
2023-06-02,142,6,2 days 17:30:00,1,1.2206449593424948,0.9847697131625334,1.2187859961451304,1.1909667883356365,1.031261208174931,-1.8888807872694238,0
2023-06-03,110,6,20 days 10:00:00,0,1.0324106587933457,0.8253003563351973,1.0123182300569349,1.0190700506127957,0.8945829398875363,-1.4574412538496593,2
2023-06-04,102,6,7 days 13:00:00,0,1.0545558706226572,0.5788477139656776,1.038126700817959,1.0392931962272474,0.6212264033127473,-1.9769296716408042,3
2023-06-05,119,6,3 days 17:45:00,1,0.9216845996467874,1.0862502129617473,1.1155521131010326,0.9179543225405362,1.118238287994182,-0.8410990632499956,1
2023-06-06,120,6,1 days 17:45:00,1,0.9327572055614429,1.0427585701906557,0.9477970531543737,0.928065895347762,1.0809623966430741,-0.5681475216987152,5
2023-06-07,131,6,1 days 17:45:00,1,1.28708059483043,0.767311499307075,1.1026478777205202,1.2516362251789923,0.8448817514193929,-1.2461239313583454,6
2023-06-08,104,6,17 days 14:00:00,1,1.28708059483043,0.796305927821136,1.1413605838620569,1.2516362251789923,0.8697323456534646,-1.1052457163641372,4
2023-06-09,106,6,5 days 18:00:00,1,1.2981532007450856,1.0137641416765943,1.2833071730476915,1.2617477979862182,1.0561118024090026,-1.237319042921208,0
2023-06-10,76,6,0 days 07:20:00,0,1.2317175652571508,1.0717529987047167,1.270402937667179,1.2010783611428626,1.105812990877146,-0.9203430591842373,2
2023-06-11,78,6,5 days 13:15:00,0,1.264935383001118,1.1587362842469,1.3091156438087157,1.2314130795645402,1.1803647735793612,-1.096440827926999,3
2023-06-12,121,6,2 days 17:45:00,1,1.1984997475131833,1.1877307127609615,1.2833071730476915,1.1707436427211848,1.205215367813433,-1.932905229455114,1
2023-06-13,149,6,5 days 17:45:00,1,1.0434832647080012,0.8108031420781665,1.038126700817959,1.0291816234200213,0.8821576427705003,-2.866223403791748,5
2023-06-14,179,6,6 days 17:45:00,1,1.087773688366625,0.4918644284234942,1.025222465437447,1.0696279146489254,0.5342493234934963,-2.461198535683397,6
2023-06-15,209,6,0 days 17:50:00,1,1.076701082451969,0.8977864276203501,1.1026478777205202,1.0595163418416993,0.9567094254727158,-2.0825883328864605,4
2023-06-16,209,6,1 days 17:45:00,1,1.1320641120252481,0.8542947848492582,1.1413605838620569,1.110074205877829,0.919433534121608,-2.1178078866350134,0
2023-06-17,168,6,11 days 14:14:00,0,1.3978066539769884,1.1297418557328391,1.3865410560917892,1.3527519532512517,1.1555141793452897,-2.487613200994811,2
2023-06-18,134,6,4 days 13:00:00,0,1.752130043245975,1.0717529987047167,1.5801045867994725,1.5246486909740926,1.105812990877146,-2.760564742546091,3
2023-06-19,156,6,6 days 17:45:00,1,1.7632026491606305,1.8835969970984288,1.9027104713122778,1.5954297006246743,1.8016296294311545,-2.425978981934845,1
2023-06-20,162,6,5 days 17:45:00,1,2.0510904029416825,1.6661387832429702,1.9543274128343264,1.8482190208053226,1.6152501726756165,-1.4662461422867967,5
2023-06-21,191,6,5 days 17:45:00,1,1.6524765900140723,1.7531220687851532,1.8252850590292045,1.6055412734319003,1.6898019553778314,-0.95556261293279,6
2023-06-22,200,6,5 days 17:45:00,1,2.239324703490832,1.7531220687851532,1.9543274128343264,2.171789350636553,1.6898019553778314,-0.95556261293279,4
2023-06-23,188,6,3 days 17:45:00,1,1.0545558706226572,1.5356638549296948,1.2187859961451304,1.0392931962272474,1.5034224986222935,-0.5153181910758874,0
2023-06-24,149,6,3 days 06:00:00,0,1.1099189001959364,1.40518892661642,1.270402937667179,1.089851060263377,1.3915948245689709,-1.4486363654125212,2
2023-06-25,135,6,7 days 14:00:00,0,1.5306779249528584,1.0282613559336249,1.4768707037553748,1.413421390094607,1.0685370995260381,-2.0297590022636327,3
2023-06-26,156,6,5 days 17:45:00,1,1.896073920136501,1.3037084268172057,1.7865723528876676,1.6763222830824818,1.3046177447497198,-2.1530274403835654,1
2023-06-27,182,6,4 days 17:45:00,1,0.8995393878174758,1.6081499262148475,1.2833071730476915,0.8977311769260844,1.5655489842074728,-2.2322714363178076,5
2023-06-28,201,6,5 days 17:45:00,1,1.0324106587933457,1.0717529987047167,1.0768394069594958,1.0190700506127957,1.105812990877146,-1.2109043776097934,6
2023-06-29,208,6,0 days 17:45:00,1,1.608186166355449,0.8977864276203501,1.4768707037553748,1.433644535709059,0.9567094254727158,-2.1794421056949793,4
2023-06-30,199,6,5 days 17:45:00,1,0.8773941759881638,1.7096304260140616,1.270402937667179,0.8775080313116322,1.6525260640267236,0.16265821858374285,0
2023-07-01,161,7,7 days 12:10:00,0,1.0545558706226572,1.2892112125601753,1.192977525384106,1.0392931962272474,1.2921924476326838,-0.2423666495246083,2
2023-07-02,143,7,4 days 14:00:00,0,1.0434832647080012,1.1732334985039308,1.128456348481545,1.0291816234200213,1.1927900706963968,-0.06626888078184726,3
2023-07-03,167,7,8 days 17:45:00,1,1.076701082451969,1.361697283845328,1.3478283499502526,1.0595163418416993,1.3543189332178631,-1.4574412538496593,1
2023-07-04,177,7,0 days 17:45:00,1,1.3202984125743973,1.3906917123593892,1.3994452914723012,1.2819709436006699,1.3791695274519349,-1.2637337082326219,5
2023-07-05,186,7,1 days 17:45:00,1,1.0102654469640342,1.2892112125601753,1.1800732900035937,0.9988469049983438,1.2921924476326838,-0.37443997608167906,6
2023-07-06,197,7,5 days 17:45:00,1,1.1763545356838716,0.9267808561344111,1.2187859961451304,1.1505204971067329,0.9815600197067874,-1.4310265885382447,4
2023-07-07,187,7,7 days 17:45:00,1,1.6524765900140723,1.0862502129617473,1.5413918806579356,1.4639792541307368,1.118238287994182,-2.0825883328864605,0
2023-07-08,154,7,17 days 10:00:00,0,1.8074930728192542,1.3761944981023584,1.6446257637020336,1.5954297006246743,1.3667442303348991,-2.1442225519464273,2
2023-07-09,139,7,4 days 14:00:00,0,2.0953808266003056,1.7096304260140616,2.0704655312589364,1.8482190208053226,1.6525260640267236,-2.2586861016292215,3
2023-07-10,155,7,3 days 17:45:00,1,1.9403643437951241,1.9705802826406118,2.0059443543563753,1.7673264383475151,1.8761814121333693,-1.9417101178922522,1
2023-07-11,167,7,5 days 18:00:00,1,2.4054137922106693,1.767619283042184,2.2511248265861075,2.1414546322148746,1.7022272524948674,-2.3203203206891883,5
2023-07-12,175,7,2 days 17:45:00,1,1.6303313781847606,1.8546025685843672,1.56720035141896,1.615652846239126,1.7767790351970825,-0.14551287671608898,6
2023-07-13,183,7,5 days 17:59:00,1,1.0434832647080012,1.6081499262148475,1.3091156438087157,1.0291816234200213,1.5655489842074728,-0.3568301992074027,4
2023-07-14,189,7,1 days 18:00:00,1,1.5196053190382024,1.3906917123593892,1.5930088221799845,1.443756108516285,1.3791695274519349,-1.3870021463525546,0
2023-07-15,145,7,1 days 09:45:00,0,2.4054137922106693,1.8835969970984288,2.3156460034886686,2.151566205022101,1.8016296294311545,-2.3291252091263264,2
2023-07-16,116,7,11 days 14:00:00,0,1.3424436244037092,1.8980942113554589,1.6962427052240823,1.302194089215122,1.81405492654819,-0.5065133026387498,3
2023-07-17,139,7,6 days 17:50:00,1,1.541750530867514,1.8256081400703061,1.6962427052240823,1.4943139725524148,1.7519284409630107,-0.7354404020043387,1
2023-07-18,162,7,1 days 17:59:00,1,1.5528231367821699,1.5356638549296948,1.747859646746131,1.4639792541307368,1.5034224986222935,-1.6951732416523864,5
2023-07-19,185,7,2 days 17:45:00,1,1.6524765900140723,1.9415858541265507,1.8639977651707411,1.5145371181668665,1.8513308178992978,-1.651148799466696,6
2023-07-20,174,7,1 days 17:45:00,1,1.2538627770864623,1.6951332117570312,1.502679174516399,1.2213015067573145,1.640100766909688,-2.1001981097607367,4
2023-07-21,164,7,6 days 18:00:00,1,1.0545558706226572,1.40518892661642,1.128456348481545,1.0392931962272474,1.3915948245689709,-0.3656350876445403,0
2023-07-22,134,7,9 days 14:54:00,0,1.2206449593424948,1.1442390699898695,1.257498702286667,1.1909667883356365,1.1679394764623252,-1.2901483735440358,2
2023-07-23,122,7,7 days 14:00:00,0,1.619258772270105,1.492172212158603,1.6704342344630578,1.474090826937963,1.4661466072711862,-2.1882469941321174,3
2023-07-24,130,7,5 days 17:45:00,1,1.3978066539769884,1.6661387832429702,1.4123495268528137,1.3527519532512517,1.6152501726756165,-0.25117153796174585,1
2023-07-25,153,7,1 days 17:45:00,1,0.7666681168416054,1.0862502129617473,0.9348928177738618,0.7763923032393729,1.118238287994182,0.690951524812026,5
2023-07-26,168,7,3 days 17:50:00,1,0.334836486170028,0.8542947848492582,0.45743610869490975,0.38204096375756136,0.919433534121608,0.8846590704290634,6
2023-07-27,177,7,0 days 17:45:00,1,0.8441763582441966,0.6368365709937999,0.8574674054907883,0.8471733128899548,0.6088011061957115,-0.9995870551184803,4
2023-07-28,186,7,5 days 17:50:00,1,1.2317175652571508,1.3327028553312672,1.3091156438087157,1.2010783611428626,1.3294683389837916,-0.5417328563873013,0
2023-07-29,155,7,4 days 10:45:00,0,1.2538627770864623,1.4776749979015729,1.2187859961451304,1.2213015067573145,1.4537213101541502,0.5588781982549552,2
2023-07-30,125,7,5 days 14:00:00,0,1.0988462942812804,1.5791554977007867,1.3607325853307646,1.079739487456151,1.540698389973401,-0.5417328563873013,3
2023-07-31,136,7,1 days 17:45:00,1,1.2317175652571508,1.4196861408734502,1.2962114084282035,1.2010783611428626,1.4040201216860069,-1.2901483735440358,1
2023-08-01,152,8,0 days 17:45:00,1,0.7555955109269499,1.564658283443756,1.1542648192425693,0.7662807304321472,1.528273092856365,-0.2951959801474361,5
2023-08-02,162,8,1 days 17:45:00,1,1.3978066539769884,1.0427585701906557,1.192977525384106,1.3527519532512517,1.0809623966430741,-0.14551287671608898,6
2023-08-03,161,8,1 days 17:45:00,1,1.1874271415985271,1.463177783644542,1.3349241145697401,1.1606320699139587,1.4412960130371142,-1.2813434851068983,4
2023-08-04,155,8,1 days 17:50:00,1,0.7888133286709174,1.2457195697890835,0.973605523915398,0.7966154488538251,1.2549165562815763,0.01297511515239572,0
2023-08-05,133,8,7 days 08:52:00,0,0.41234472757261875,1.2312223555320527,0.7929462285882273,0.45282197340814284,1.2424912591645405,1.0959763929203759,2
2023-08-06,119,8,6 days 13:15:00,0,0.22411042702346964,0.9267808561344111,0.5735742271195197,0.280925235685302,0.9815600197067874,0.7613906323091302,3
2023-08-07,139,8,1 days 17:45:00,1,0.3016186684260604,0.6513337852508303,0.4703403440754219,0.35170624533588346,0.7454793744831059,-0.6209768523215443,1
2023-08-08,146,8,6 days 17:45:00,1,0.8552489641588522,0.7528142850500444,0.8832758762518127,0.8572848856971804,0.832456454302357,-1.475051030723935,5
2023-08-09,152,8,4 days 18:00:00,1,0.7223776931829823,1.2022279270179916,0.8316589347297639,0.7359460120104693,1.217640664930469,0.04819466890094843,6
2023-08-10,163,8,1 days 17:45:00,1,1.0545558706226572,1.1007474272187778,1.063935171578984,1.0392931962272474,1.1306635851112175,-0.6385866291958207,4
2023-08-11,156,8,6 days 18:00:00,1,1.6303313781847606,0.8977864276203501,1.438157997613838,1.5246486909740926,0.9567094254727158,-0.9379528360585137,0
2023-08-12,122,8,3 days 13:00:00,0,1.873928708307189,1.3037084268172057,1.7220511759851065,1.7774380111547412,1.3046177447497198,-0.8675137285614095,2
2023-08-13,100,8,5 days 12:45:00,0,1.7853478609899427,1.796613711556245,1.8381892944097167,1.797661156769193,1.7270778467289392,-0.4272693067045069,3
2023-08-14,108,8,7 days 18:00:00,1,1.896073920136501,1.7096304260140616,1.8898062359317653,1.8886653120342263,1.6525260640267236,-0.5505377448244402,1
2023-08-15,100,8,5 days 14:00:00,1,1.885001314221845,1.9415858541265507,1.7736681175071556,1.8381074479980966,1.8513308178992978,-0.11909821140467507,5
2023-08-16,109,8,4 days 17:45:00,1,1.752130043245975,1.564658283443756,1.7607638821266434,1.6662107102752557,1.528273092856365,-0.47129374889019715,6
2023-08-17,111,8,3 days 17:45:00,1,1.8185656787339097,1.6806359975000005,1.6833384698435698,1.797661156769193,1.627675469792652,-0.2951959801474361,4
2023-08-18,114,8,5 days 17:30:00,1,1.7299848314166635,1.5501610691867256,1.7091469406045947,1.625764419046352,1.5158477957393295,-0.8322941748128568,0
2023-08-19,98,8,3 days 14:10:00,0,2.0400177970270263,1.434183355130481,1.9156147066927898,1.827995875190871,1.4164454188030424,-1.3781972579154163,2
2023-08-20,85,8,4 days 13:09:00,0,2.1175260384296175,1.767619283042184,2.109178237400473,1.9695578944920342,1.7022272524948674,-1.721587906963801,3
2023-08-21,105,8,1 days 17:45:00,1,2.1728890680028967,1.767619283042184,2.0833697666394486,2.040338904142615,1.7022272524948674,-1.3693923694782788,1
2023-08-22,113,8,2 days 17:45:00,1,2.1507438561735848,2.0720607824398254,2.1995078850640586,2.1212314866004234,1.9631584919526204,-1.3605874810411407,5
2023-08-23,129,8,4 days 23:55:00,1,1.896073920136501,2.2170329250101313,2.1220824727809853,1.8987768848414524,2.087411463122979,-1.0260017204298941,6
2023-08-24,137,8,1 days 17:45:00,1,2.2725425212347994,2.0140719254117037,2.160795178922522,2.1819009234437785,1.913457303484477,-1.0788310510527226,4
2023-08-25,131,8,4 days 18:15:00,1,1.608186166355449,1.9705802826406118,1.79947658826818,1.5549834093957706,1.8761814121333693,-0.700220848255786,0
2023-08-26,112,8,9 days 07:45:00,0,1.3645888362330207,1.40518892661642,1.3349241145697401,1.322417234829574,1.3915948245689709,0.7525857438719926,2
2023-08-27,90,8,5 days 13:00:00,0,0.37912690982865116,1.2747139983031446,0.8316589347297639,0.422487254986465,1.2797671505156483,1.4657817072801744,3
2023-08-28,108,8,1 days 17:45:00,1,0.21303782110881384,0.9267808561344111,0.534861520977983,0.27081366287807607,0.9815600197067874,1.6154648107115215,1
2023-08-29,116,8,6 days 17:45:00,1,-0.00841429718430286,0.6513337852508303,0.302585284128763,0.06858220673355725,0.7454793744831059,1.7563430257057298,5
2023-08-30,128,8,6 days 17:45:00,1,0.5009255748898656,0.8832892133633193,0.6251911686415683,0.5337145558659505,0.9442841283556797,0.5236586445064025,6
2023-08-31,141,8,2 days 17:45:00,1,0.47878036306055394,0.9557752846484722,0.715520816305154,0.5134914102514987,1.0064106139408588,-0.1543177651532278,4
2023-09-01,130,9,4 days 17:45:00,1,1.1763545356838716,1.1007474272187778,1.1542648192425693,1.1505204971067329,1.1306635851112175,-0.5065133026387498,0
2023-09-02,108,9,18 days 06:13:00,0,1.3756614421476763,1.0282613559336249,1.2962114084282035,1.3325288076367996,1.0685370995260381,-0.4272693067045069,2
2023-09-03,104,9,5 days 14:00:00,0,1.1542093238545597,1.2312223555320527,1.205881760764618,1.1302973514922807,1.2424912591645405,0.03938978046380963,3
2023-09-04,137,9,6 days 17:45:00,1,1.2427901711718063,1.1007474272187778,1.205881760764618,1.2111899339500884,1.1306635851112175,-0.5417328563873013,1
2023-09-05,154,9,3 days 18:00:00,1,1.2206449593424948,0.9557752846484722,1.128456348481545,1.1909667883356365,1.0064106139408588,-1.2549288197954838,5
2023-09-06,174,9,2 days 17:45:00,1,1.3645888362330207,0.6948254280219222,1.1026478777205202,1.322417234829574,0.7827552658342136,-0.6914159598186485,6
2023-09-07,183,9,5 days 17:45:00,1,1.3756614421476763,0.8832892133633193,1.205881760764618,1.3325288076367996,0.9442841283556797,-0.4272693067045069,4
2023-09-08,169,9,4 days 17:45:00,1,1.5860409545261376,0.9267808561344111,1.3091156438087157,1.5448718365885445,0.9815600197067874,-0.30400086858457365,0
2023-09-09,144,9,0 days 12:40:00,0,1.6746218018433843,1.2602167840461143,1.5284876452774234,1.5954297006246743,1.2673418533986123,-0.10148843453039871,2
2023-09-10,128,9,6 days 13:00:00,0,1.6635491959287283,1.5211666406726645,1.6575299990825454,1.5853181278174482,1.490997201505258,-0.4624888604530596,3
2023-09-11,149,9,1 days 17:45:00,1,1.7853478609899427,1.5211666406726645,1.6962427052240823,1.6662107102752557,1.490997201505258,-0.7618550673157526,1
2023-09-12,171,9,6 days 18:00:00,1,1.7632026491606305,1.3472000695882973,1.6446257637020336,1.6055412734319003,1.3418936361008276,-0.8675137285614095,5
2023-09-13,189,9,1 days 17:45:00,1,0.9438298114760989,1.5791554977007867,1.192977525384106,0.938177468154988,1.540698389973401,0.435609760135022,6
2023-09-14,196,9,5 days 18:00:00,1,0.8331037523295406,1.463177783644542,1.038126700817959,0.8370617400827287,1.4412960130371142,0.7173661901234399,4
2023-09-15,171,9,6 days 17:45:00,1,1.0656284765373132,1.1442390699898695,1.0897436423400082,1.0494047690344737,1.1679394764623252,0.1186337763980526,0
2023-09-16,143,9,0 days 13:10:00,0,1.3535162303183648,0.9702724989055029,1.2187859961451304,1.3123056620223479,1.0188359110578948,-0.048659103907570896,2
2023-09-17,138,9,6 days 13:15:00,0,1.5196053190382024,1.1587362842469,1.4123495268528137,1.4639792541307368,1.1803647735793612,-0.32161064545885004,3
2023-09-18,168,9,3 days 17:45:00,1,0.9881202351347221,1.3327028553312672,1.1026478777205202,0.9786237593838917,1.3294683389837916,0.23309732608084702,1
2023-09-19,181,9,0 days 17:45:00,1,0.9327572055614429,1.3182056410742364,1.128456348481545,0.928065895347762,1.3170430418667556,-0.7530501788786151,5
2023-09-20,189,9,5 days 18:00:00,1,1.1984997475131833,0.9412780703914416,1.128456348481545,1.1707436427211848,0.9939853168238232,-0.41846441826736935,6
2023-09-21,190,9,1 days 17:50:00,1,1.5306779249528584,1.0427585701906557,1.3607325853307646,1.4235329629018332,1.0809623966430741,-0.7882697326271666,4
2023-09-22,199,9,2 days 17:45:00,1,0.7888133286709174,0.8397975705922278,0.599382697880544,0.7966154488538251,0.9070082370045722,0.6997564132491636,0
2023-09-23,170,9,9 days 02:00:00,0,0.13552957970622287,0.7818087135641054,0.4058191671728608,0.20003265322749436,0.8573070485364287,0.10102399952377625,2
2023-09-24,152,9,7 days 13:15:00,0,0.40127212165796317,0.28890342882506626,0.4058191671728608,0.44271040060091715,0.37272046097203,-0.3568301992074027,3
2023-09-25,182,9,4 days 18:00:00,1,0.678087269524359,0.17292571476882176,0.44453187331439753,0.6954997207815656,0.1739157070994562,-0.11029332296753751,1
2023-09-26,196,9,6 days 17:45:00,1,0.8884667819028198,0.39038392862428034,0.6251911686415683,0.8876196041188583,0.472122837908317,0.5060488676321262,5
2023-09-27,210,9,6 days 17:45:00,1,1.0988462942812804,0.6513337852508303,0.8574674054907883,1.079739487456151,0.7454793744831059,0.42680487169788445,6
2023-09-28,221,9,1 days 18:00:00,1,1.3092258066597415,0.9702724989055029,1.038126700817959,1.2718593707934442,1.0188359110578948,-0.32161064545885004,4
2023-09-29,222,9,9 days 17:45:00,1,1.3756614421476763,0.6513337852508303,1.1413605838620569,1.3325288076367996,0.7454793744831059,-0.7882697326271666,0
2023-09-30,185,9,3 days 11:21:00,0,0.6116516340364239,0.9412780703914416,0.896180111632325,0.6348302839382098,0.9939853168238232,-0.3656350876445403,2
2023-10-01,165,10,6 days 13:00:00,0,1.0324106587933457,0.5498532854516165,0.7800419932077151,1.0190700506127957,0.5715252148446037,-0.013439550159018187,3
2023-10-02,186,10,5 days 18:00:00,1,1.3202984125743973,0.564350499708647,0.9219885823933494,1.2819709436006699,0.6709275917808908,-0.17192754202750288,1
2023-10-03,153,10,6 days 13:20:00,1,1.5085327131235466,0.9557752846484722,1.2833071730476915,1.4033098172873815,1.0064106139408588,-1.3077581504183122,5
2023-10-04,180,10,2 days 18:00:00,1,0.47878036306055394,0.5208588569375552,0.5219572855974708,0.5134914102514987,0.5963758090786756,-0.3832448645188166,6
2023-10-05,193,10,5 days 17:45:00,1,0.41234472757261875,0.11493685774069959,0.28968104874825085,0.45282197340814284,0.28574338115277903,0.18907288389515678,4
2023-10-06,203,10,5 days 17:45:00,1,0.7334502990976383,0.042450786455546764,0.3671064610313241,0.7460575848176954,0.2236168955675997,-0.048659103907570896,0
2023-10-07,174,10,0 days 07:00:00,0,0.810958540500229,0.3178978573391274,0.7026165809246419,0.8168385944682769,0.31059397538685063,-1.3077581504183122,2
2023-10-08,143,10,7 days 14:00:00,0,0.7555955109269499,1.3037084268172057,1.1155521131010326,0.7662807304321472,1.3046177447497198,-2.3203203206891883,3
2023-10-09,169,10,3 days 17:50:00,1,1.0545558706226572,0.9847697131625334,1.0123182300569349,1.0392931962272474,1.031261208174931,-1.0348066088670325,1
2023-10-10,179,10,1 days 17:45:00,1,1.1320641120252481,0.8832892133633193,1.025222465437447,1.110074205877829,0.9442841283556797,-1.0083919435556186,5
2023-10-11,208,10,0 days 23:50:00,1,1.3424436244037092,1.0717529987047167,1.1026478777205202,1.302194089215122,1.105812990877146,-1.3341728157297261,6
2023-10-12,214,10,4 days 17:50:00,1,1.2427901711718063,1.2167251412750226,1.2833071730476915,1.2111899339500884,1.2300659620475045,-2.346734986000602,4
2023-10-13,213,10,5 days 17:52:00,1,1.541750530867514,0.9847697131625334,1.2962114084282035,1.3830866716729293,1.031261208174931,-2.5756620853661913,0
2023-10-14,176,10,5 days 13:06:00,0,0.7334502990976383,0.6223393567367693,0.896180111632325,0.7460575848176954,0.5218240263764605,-0.981977278244204,2
2023-10-15,155,10,5 days 14:00:00,0,-0.3959555041972571,-0.14601299888585068,-0.18777566033070098,-0.45721957924219175,-0.09944082947533284,0.2507071029551234,3
2023-10-16,175,10,0 days 17:50:00,1,-0.3627376864532897,-0.7403987834241037,-0.549094250985043,-0.25498812309767294,-0.633728605507875,0.22429243764370949,1
2023-10-17,196,10,5 days 17:45:00,1,-0.5509719870024389,-0.6824099263959814,-0.6136154278876041,-0.5077774432783214,-0.5716021199226956,0.8230248513690968,5
2023-10-18,210,10,0 days 17:45:00,1,-0.1523581740748288,-0.47944892679755363,-0.30391377875531095,-0.06286823976038004,-0.4349238516353011,0.6381221941891969,6
2023-10-19,209,10,1 days 17:45:00,1,0.4566351512312423,0.23091457179694408,0.32839375488978756,0.4932682646370468,0.26089278691870726,0.9198786241776149,4
2023-10-20,209,10,6 days 18:00:00,1,0.8441763582441966,0.6658309995078608,0.5864784625000319,0.8471733128899548,0.7579046716001417,0.0834142226494999,0
2023-10-21,177,10,3 days 12:00:00,0,0.4898529689752095,0.6078421424797388,0.49614881483644624,0.5236029830587243,0.7082034831319984,-0.05746399234470845,2
2023-10-22,161,10,6 days 13:00:00,0,0.24625563885278123,0.3613895001102191,0.28968104874825085,0.30114838129975374,0.472122837908317,0.04819466890094843,3
2023-10-23,188,10,3 days 17:45:00,1,0.19089260927950205,0.027953572198516127,0.14773445956261655,0.2505905172636241,0.21119159845056376,0.5060488676321262,1
2023-10-24,202,10,3 days 17:45:00,1,-0.22986641547741957,0.34689228585318854,0.13483022418210439,-0.13364924941096157,0.4845481350253528,1.4745865957173119,5
2023-10-25,202,10,0 days 17:45:00,1,0.44556254531658634,0.39038392862428034,0.3800106964118365,0.48315669182982074,0.4348469465572093,0.3475608757636415,6
2023-10-26,202,10,2 days 17:45:00,1,0.05802133830363211,0.43387557139537186,0.28968104874825085,0.12925164357691285,0.4348469465572093,0.6029026404406455,4
2023-10-27,196,10,2 days 17:45:00,1,-0.03055950901361465,0.3613895001102191,0.10902175342107981,0.048359061119105255,0.3354445696209224,0.611707528877783,0
2023-10-28,173,10,1 days 11:30:00,0,0.268400850682093,0.3758867143672496,0.2767768133677387,0.32137152691420573,0.28574338115277903,-0.9203430591842373,2
2023-10-29,143,10,7 days 13:00:00,0,0.7002324813536707,0.3758867143672496,0.418723402553373,0.7157228663960175,0.29816867826981486,-0.8675137285614095,3
2023-10-30,166,10,1 days 18:00:00,1,0.22411042702346964,0.1294340719977301,0.23806410722620194,0.280925235685302,0.18634100421649202,0.5324635329435413,1
2023-10-31,163,10,1 days 18:00:00,1,-0.24093902139207538,0.47736721416646366,0.0703090472795433,-0.14376082221818745,0.3354445696209224,0.5940977520035067,5
2023-11-01,133,11,5 days 13:15:00,1,0.20196521519415805,0.10043964348366895,0.13483022418210439,0.26070209007085016,0.08693862728020513,-0.37443997608167906,6
2023-11-02,150,11,2 days 17:45:00,1,-0.27415683913604294,0.05694800071257728,-0.17487142495018881,-0.17409554063986535,-0.062164938124225216,0.6293173057520594,4
2023-11-03,154,11,5 days 17:45:00,1,-0.7170610757222764,-0.0590297133436672,-0.40714766179940864,-0.6392278897722585,-0.18641790929458385,1.0519519507346857,0
2023-11-04,133,11,4 days 04:12:00,0,-0.3738102923679455,-0.3924656412553702,-0.34262648489684755,-0.26509969590489885,-0.3976479602841936,-0.1543177651532278,2
2023-11-05,127,11,4 days 13:10:00,0,-0.07484993267223783,0.21641735753991342,0.057404811899031134,0.00791276989020164,0.13663981574834863,-0.7090257366929248,3
2023-11-06,154,11,3 days 17:45:00,1,-0.03055950901361465,0.3613895001102191,0.12192598880159221,0.048359061119105255,0.14906511286538443,-0.9731723898070664,1
2023-11-07,180,11,0 days 17:59:00,1,-0.31844726279466634,0.15842850051179125,-0.17487142495018881,-0.21454183186876916,-0.07459023524126109,0.09221911108663869,5
2023-11-08,191,11,4 days 17:45:00,1,-0.22986641547741957,-0.24749349868506457,-0.3168180141358231,-0.13364924941096157,-0.2361190977627273,-0.6650012945072346,6
2023-11-09,203,11,4 days 17:45:00,1,-0.1855759918187962,-0.7259015691670733,-0.3813391910383842,-0.09320295818205776,-0.6710044968589826,-0.9203430591842373,4
2023-11-10,203,11,6 days 17:50:00,1,-0.48453635151450386,-0.16051021314288116,-0.34262648489684755,-0.558335307314451,-0.14914201794347628,-0.21595198421319314,0
2023-11-11,178,11,5 days 12:37:00,0,-0.6727706520636529,-0.36347121274130906,-0.4974773094629942,-0.8515709187240033,-0.3727973660501218,-0.22475687265033195,2
2023-11-12,156,11,5 days 15:00:00,0,-0.7170610757222764,-0.6969071406530121,-0.7039450755511896,-0.6088931713505807,-0.49705033722048053,0.6997564132491636,3
2023-11-13,198,11,5 days 17:45:00,1,0.16874739745019046,-0.16051021314288116,0.09611751804056765,0.23036737164917226,-0.12429142370940453,0.8582444051176482,1
2023-11-14,211,11,7 days 17:45:00,1,0.046948732388976316,0.3034006430820969,0.10902175342107981,0.11914007076968694,0.11178922151427688,0.7349759669977163,5
2023-11-15,215,11,0 days 17:45:00,1,-0.4070281101119129,0.14393128625476062,-0.0845417772866034,-0.5381121616999992,0.037237438812061735,0.20668266076943312,6
2023-11-16,231,11,1 days 21:38:00,1,-0.49560895742915967,-0.13151578462882002,-0.34262648489684755,-0.37632699678438414,-0.16156731506051217,0.23309732608084702,4
2023-11-17,216,11,4 days 17:45:00,1,-0.6949158638929647,-0.37796842699833966,-0.6265196632681163,-0.558335307314451,-0.6461539026249109,1.298488826974551,0
2023-11-18,184,11,4 days 15:00:00,0,-0.6395528343196855,-0.26199071294209514,-0.5361900156045307,-0.6291163169650327,-0.3976479602841936,0.40919509482360805,2
2023-11-19,162,11,5 days 13:30:00,0,0.0690939442182879,-0.232996284428034,0.10902175342107981,0.13936321638413876,-0.26096969199679904,0.7701955207462677,3
2023-11-20,179,11,1 days 18:00:00,1,-0.1855759918187962,0.2599090003110052,0.03159634113800657,-0.09320295818205776,0.2236168955675997,-0.5681475216987152,1
2023-11-21,189,11,3 days 17:45:00,1,-0.5841898047464065,0.05694800071257728,-0.34262648489684755,-0.558335307314451,-0.012463749656081768,0.893463958866201,5
2023-11-22,203,11,3 days 17:45:00,1,-0.8277871348688347,-0.566432212339737,-0.845891664736824,-0.7706783362661959,-0.6958550910930543,0.8318297398062343,6
2023-11-23,214,11,5 days 17:45:00,1,-0.805641923039523,-0.6244210693678592,-0.8071789585952873,-0.9425750739890367,-0.8449586564974847,0.1978777723322943,4
2023-11-24,206,11,3 days 17:45:00,1,-0.7502788934662439,-0.6824099263959814,-0.7168493109317018,-1.0335792292540702,-0.9319357363167357,0.8846590704290634,0
2023-11-25,184,11,0 days 07:03:00,0,-1.3703448246869707,-0.9433597830225317,-1.155593313869117,-1.6604967433020785,-1.2549934613596683,0.5588781982549552,2
2023-11-26,149,11,5 days 14:00:00,0,-1.281763977369724,-0.8853709259944094,-1.1039763723470681,-1.3773727046997524,-1.1307404901893097,0.8582444051176482,3
2023-11-27,182,11,3 days 18:00:00,1,-1.0160214354179837,-0.7548959976811342,-0.9491255477809216,-0.9324635011818109,-0.8698092507315563,0.03938978046380963,1
2023-11-28,211,11,5 days 18:00:00,1,-1.02709404133264,-0.9578569972795622,-1.0136467246834826,-1.2964801222419446,-1.2549934613596683,1.2544643847888606,5
2023-11-29,216,11,3 days 17:45:00,1,-1.215328341881789,-1.16081799687799,-1.2459229615327028,-1.2054759669769113,-1.2301428671255965,0.28592665670367484,6
2023-11-30,224,11,5 days 17:45:00,1,-1.3703448246869707,-1.0158458543076843,-1.1943060200106537,-1.1751412485552335,-0.8449586564974847,0.9727079548004439,4
2023-12-01,214,12,5 days 18:00:00,1,-1.3814174306016265,-0.8708737117373788,-1.155593313869117,-1.1852528213624594,-0.8573839536145205,1.7915625794542827,0
2023-12-02,173,12,6 days 12:30:00,0,-1.547506519321464,-1.4652594962756318,-1.504007669142947,-1.6099388792659488,-1.6774535633388874,1.3865377113459314,2
2023-12-03,164,12,4 days 13:00:00,0,-1.6471599725533665,-1.92917035250061,-1.9169432013193377,-1.427930568735882,-2.012936585498856,0.893463958866201,3
2023-12-04,197,12,1 days 17:45:00,1,-1.8686120908464832,-2.4365728514966793,-2.1492194381685574,-1.751500898567112,-2.335994310541788,1.0343421738604093,1
2023-12-05,218,12,12 days 17:45:00,1,-1.0381666472472957,-1.2188068539061123,-1.039455195444507,-1.0335792292540702,-1.192866975774489,0.8758541819919246,5
2023-12-06,215,12,6 days 17:45:00,1,-1.1046022827352306,-0.566432212339737,-0.8975086062588727,-1.2560338310130408,-0.6958550910930543,0.7701955207462677,6
2023-12-07,227,12,1 days 17:50:00,1,-1.0160214354179837,-1.2622984966772042,-1.1684975492496292,-0.8515709187240033,-1.3668211354129909,0.09221911108663869,4
2023-12-08,220,12,1 days 17:45:00,1,-1.1710379182231656,-1.392773424990479,-1.2459229615327028,-0.9931329380251664,-1.5159247008174213,0.6733417479377497,0
2023-12-09,166,12,4 days 12:12:00,0,-0.6506254402343414,-0.45045449828349243,-0.6652323694096529,-0.5987815985433549,-0.47219974298640877,1.148805723543205,2
2023-12-10,131,12,8 days 14:00:00,0,-0.5952624106610622,-0.044532499086636694,-0.36843495565787204,-0.7201204722300661,-0.3727973660501218,-0.43607419514164447,3
2023-12-11,147,12,4 days 17:45:00,1,-0.4181007160265689,0.15842850051179125,-0.17487142495018881,-0.49766587047109545,-3.845253904594856e-05,0.4620244254464359,1
2023-12-12,185,12,2 days 17:45:00,1,-0.5509719870024389,-0.0010408563155450271,-0.30391377875531095,-0.578558452928903,-0.07459023524126109,1.0959763929203759,5
2023-12-13,199,12,1 days 17:45:00,1,-0.5177541692584713,-0.030035284829606053,-0.2781053079942865,-0.5381121616999992,-0.1367167208264404,0.9550981779261676,6
2023-12-14,199,12,5 days 17:45:00,1,-0.816714528954179,-0.20400185591397285,-0.5619984863655553,-0.8515709187240033,-0.3355214746990142,1.2632692732259994,4
2023-12-15,194,12,5 days 17:45:00,1,-0.9828036176740165,-0.4359572840264619,-0.7168493109317018,-1.0032445108323924,-0.546751525688624,0.8670492935547871,0
2023-12-16,140,12,4 days 07:00:00,0,-0.805641923039523,-0.7693932119381649,-0.7555620170732384,-0.6594510353867105,-0.633728605507875,0.8230248513690968,2
2023-12-17,119,12,5 days 13:10:00,0,-0.6616980461489972,-1.030343068564715,-0.9620297831614338,-0.5280005888927732,-0.8946598449656282,0.5764879751292316,3
2023-12-18,145,12,3 days 17:45:00,1,-0.2520116273067314,-0.8998681402514399,-0.7426577816927262,-0.15387239502541356,-0.7952574680293412,0.3035364335779512,1
2023-12-19,168,12,2 days 17:45:00,1,-0.07484993267223783,-0.8563764974803482,-0.484573074082482,0.00791276989020164,-0.807682765146377,-1.122855493238413,5
2023-12-20,185,12,0 days 17:45:00,1,-0.7502788934662439,-0.3054823557131868,-0.5749027217460674,-0.8819056371456812,-0.7082803882100902,-0.1543177651532278,6
2023-12-21,185,12,7 days 17:45:00,1,-0.539899381087783,-0.26199071294209514,-0.3555307202773598,-0.8212362003023256,-0.633728605507875,-0.32161064545885004,4
2023-12-22,173,12,2 days 17:45:00,1,-0.6395528343196855,-0.6824099263959814,-0.549094250985043,-0.922351928374585,-0.9692116276678433,0.9374884010518912,0
2023-12-23,128,12,3 days 08:36:00,0,-0.6506254402343414,-0.01553807057257554,-0.3297222495163354,-0.9627982196034888,-0.41007325740122946,-0.031049327033294542,2
2023-12-24,85,12,3 days 08:36:00,0,-0.26308423322138713,0.1294340719977301,-0.13615871880865207,-0.16398396783263947,-0.3106708804649425,-0.5505377448244402,3
2023-12-25,58,12,8 days 11:31:00,1,-0.07484993267223783,0.2744062145680357,0.23806410722620194,0.00791276989020164,0.09936392439724105,-2.822198961606057,1
2023-12-26,58,12,2 days 12:45:00,1,-0.48453635151450386,-0.31997956997021737,-0.3168180141358231,-0.558335307314451,-0.3479467718160501,-0.9027332823099622,5
2023-12-27,87,12,7 days 17:45:00,1,-0.32951986870932215,-0.4939461410545841,-0.3942434264188965,-0.22465340467599507,-0.447349148752337,-0.2687813148360222,6
2023-12-28,108,12,1 days 17:45:00,1,-0.19664859773345217,-0.37796842699833966,-0.16196718956967665,-0.10331453098928385,-0.3852226631671577,-2.443588758809121,4
2023-12-29,115,12,3 days 17:45:00,1,-0.27415683913604294,0.21641735753991342,-0.0329248357645545,-0.17409554063986535,0.16149040998242037,-0.8675137285614095,0
2023-12-30,84,12,10 days 05:04:00,0,-0.28522944505069875,-0.26199071294209514,-0.21358413109172542,-0.18420711344709126,-0.22369380064569147,-0.27758620327315975,2
2023-12-31,59,12,10 days 05:04:00,0,-0.48453635151450386,-1.1173263541068985,-0.8071789585952873,-0.5178890160855474,-1.1680163815404172,0.45321953700929835,3
2024-01-01,51,1,6 days 14:00:00,1,-0.739206287551588,-0.2764879271991257,-0.5749027217460674,-0.9627982196034888,-0.5094756343375163,-0.2335617610874695,1
2024-01-02,81,1,4 days 18:00:00,1,-0.30737465688001053,-0.4069628555124008,-0.3168180141358231,-0.20443025906154325,-0.5094756343375163,-0.8499039516871332,5
2024-01-03,114,1,1 days 17:45:00,1,-0.130212962245517,0.4193783571383414,0.09611751804056765,-0.04264509414592806,0.09936392439724105,-1.2549288197954838,6
2024-01-04,131,1,4 days 17:45:00,1,-0.5841898047464065,-0.7114043549100426,-0.3942434264188965,-0.7909014818806477,-0.7828321709123054,-0.10148843453039871,4
2024-01-05,132,1,6 days 17:45:00,1,-0.6174076224903738,-0.9433597830225317,-0.7555620170732384,-0.4875542976638695,-0.8573839536145205,0.3035364335779512,0
2024-01-06,119,1,0 days 11:35:00,0,-1.0381666472472957,-0.7838904261951954,-0.9749340185419461,-0.8717940643384553,-0.4846250401034446,1.6066599222743827,2
2024-01-07,106,1,5 days 13:15:00,0,-1.4589256720042172,-1.3492817822193874,-1.271731432293727,-1.2560338310130408,-1.5407752950514932,1.8620016869513867,3
2024-01-08,148,1,1 days 17:45:00,1,-1.9571929381637299,-1.8856787097295185,-1.9556559074608744,-2.1964101020850535,-2.050212476849963,1.1047812813575146,1
2024-01-09,181,1,3 days 17:45:00,1,-2.267225903774093,-2.291600708926374,-2.3298787334957285,-2.5098688591090577,-2.547224361531398,0.021780003589533272,5
2024-01-10,191,1,2 days 18:00:00,1,-1.8464668790171714,-2.1756229948701296,-2.136315202788045,-1.8627281994465974,-2.050212476849963,1.0079275085489954,6
2024-01-11,199,1,4 days 17:45:00,1,-1.6250147607240548,-2.132131352099038,-2.0330813197439475,-1.741389325759886,-1.6401776719877799,1.1576106119803424,4
2024-01-12,207,1,6 days 17:45:00,1,-1.3703448246869707,-2.030650852299824,-1.8266135536557522,-1.5492694424225932,-1.5532005921685288,1.2808790501002758,0
2024-01-13,167,1,15 days 11:03:00,0,-1.3924900365162822,-1.8131926384443657,-1.7620923767531913,-1.1953643941696852,-1.6774535633388874,1.6154648107115215,2
2024-01-14,150,1,6 days 13:15:00,0,-1.3814174306016265,-1.7552037814162431,-1.6201457875675567,-1.5189347240009154,-1.6774535633388874,1.324903492285966,3
2024-01-15,183,1,6 days 17:45:00,1,-1.7135956080413015,-1.92917035250061,-1.7491881413726789,-1.9840670731333085,-2.199316042254394,1.16641550041748,1
2024-01-16,216,1,3 days 17:45:00,1,-2.0568463913956325,-2.480064494267771,-2.2008363796906063,-2.297525830157313,-2.559649658648434,1.16641550041748,5
2024-01-17,223,1,2 days 17:50:00,1,-1.7135956080413015,-2.538053351295894,-1.878230495177801,-2.10540594682002,-2.6963279269358287,1.3953425997830702,6
2024-01-18,225,1,0 days 17:45:00,1,-1.7246682139559573,-2.132131352099038,-1.7620923767531913,-1.9840670731333085,-1.9880859912647841,1.501001261028727,4
2024-01-19,221,1,3 days 18:00:00,1,-2.1122094209689117,-2.538053351295894,-2.3298787334957285,-2.236856393313957,-2.584500252882506,1.3689279344716563,0
2024-01-20,189,1,1 days 22:00:00,0,-1.1710379182231656,-1.1028291398498677,-1.155593313869117,-1.2863685494347188,-0.5094756343375163,1.0959763929203759,2
2024-01-21,159,1,3 days 13:15:00,0,-1.2596187655404123,-1.1753152111350205,-1.220114490771678,-1.2863685494347188,-0.5094756343375163,1.0871715044832384,3
2024-01-22,183,1,4 days 18:00:00,1,-1.3039091891990358,-1.3782762107334485,-1.3104441384352636,-1.2863685494347188,-0.5094756343375163,1.1928301657288953,1
2024-01-23,195,1,3 days 17:45:00,1,-1.337127006943003,-1.5377455675607845,-1.4136780214793614,-1.2863685494347188,-0.5094756343375163,1.1047812813575146,5
2024-01-24,196,1,5 days 17:45:00,1,-1.359272218772315,-1.494253924789693,-1.452390727620898,-1.2863685494347188,-0.5094756343375163,1.0519519507346857,6
2024-01-25,219,1,6 days 17:45:00,1,-1.3260544010283473,-1.4362650677615707,-1.4007737860988492,-1.2863685494347188,-0.5094756343375163,1.1752203888546189,4
2024-01-26,212,1,1 days 17:45:00,1,-1.3039091891990358,-1.6247288531029682,-1.4136780214793614,-1.2863685494347188,-0.5094756343375163,0.9286835126147537,0
2024-01-27,173,1,10 days 12:48:00,0,-1.1710379182231656,-1.392773424990479,-1.2588271969132148,-1.2863685494347188,-0.5094756343375163,0.6381221941891969,2
2024-01-28,142,1,5 days 13:15:00,0,-1.1156748886498864,-1.2333040681631429,-1.1426890784886048,-1.2863685494347188,-0.5094756343375163,0.5940977520035067,3
2024-01-29,166,1,5 days 17:45:00,1,-1.1267474945645422,-1.2333040681631429,-1.2072102553911659,-1.2863685494347188,-0.5094756343375163,0.7261710785605775,1
2024-01-30,181,1,5 days 17:45:00,1,-0.041632114928270444,-1.0158458543076843,-0.6523281340291407,0.03824748831187935,-0.6834297939760183,-0.5417328563873013,5
2024-01-31,165,1,1 days 16:00:00,1,-0.27415683913604294,-0.3924656412553702,-0.4200518971799209,-0.17409554063986535,-0.3479467718160501,-0.4889035257644735,6
