,datetime,datetimeEpoch,tempmax,tempmin,temp,feelslikemax,feelslikemin,humidity,precip,snow,snowdepth,windspeed,windspeedmean,conditions
0,2024-01-01,1704063600,6.8,3.7,4.9,3.2,0.0,72.2,0.047,0.0,0.0,28.9,16.3,"Rain, Partially cloudy"
1,2024-01-02,1704150000,10.7,2.8,6.9,10.7,0.0,65.2,1.029,0.0,0.0,35.1,19.8,"Rain, Overcast"
2,2024-01-03,1704236400,12.3,8.5,10.1,12.3,4.9,60.6,0.298,0.0,0.0,45.7,27.5,"Rain, Partially cloudy"
3,2024-01-04,1704322800,8.7,4.6,7.3,4.9,2.7,67.5,1.353,0.0,0.0,36.2,24.7,"Rain, Partially cloudy"
4,2024-01-05,1704409200,7.8,2.1,4.6,7.6,-0.2,77.8,3.761,0.0,0.0,11.1,6.0,"Rain, Overcast"
5,2024-01-06,1704495600,5.0,0.3,2.8,4.9,-2.0,92.9,18.065,1.2,0.3,13.0,6.4,"Snow, Rain, Overcast"
6,2024-01-07,1704582000,0.5,-3.0,-0.5,-1.3,-8.2,92.3,13.961,5.3,4.6,17.9,10.5,"Snow, Rain, Overcast"
7,2024-01-08,1704668400,-3.3,-5.3,-4.2,-7.6,-10.4,82.0,0.03,0.2,6.9,15.1,12.4,"Snow, Partially cloudy"
8,2024-01-09,1704754800,-5.3,-8.2,-6.7,-6.5,-14.3,77.0,0.0,0.0,6.4,20.2,12.5,Clear
9,2024-01-10,1704841200,-4.2,-7.7,-5.8,-4.6,-10.3,86.8,0.0,0.0,6.7,9.3,5.4,Partially cloudy
10,2024-01-11,1704927600,-5.0,-7.0,-5.9,-5.2,-10.3,91.2,0.0,0.0,6.6,7.5,5.5,Partially cloudy
11,2024-01-12,1705014000,-2.9,-5.9,-4.9,-4.1,-9.8,87.9,0.0,0.0,6.0,10.1,6.2,Partially cloudy
12,2024-01-13,1705100400,-4.1,-6.7,-5.2,-5.8,-10.4,89.7,0.0,0.0,5.7,13.4,8.4,Partially cloudy
13,2024-01-14,1705186800,-0.1,-5.1,-3.4,-2.5,-10.0,81.4,0.0,0.0,5.9,14.0,9.0,Partially cloudy
14,2024-01-15,1705273200,1.0,-2.8,-1.1,-3.7,-9.4,75.1,1.531,0.3,6.0,31.4,17.7,"Snow, Rain, Partially cloudy"
15,2024-01-16,1705359600,0.0,-4.7,-2.7,0.0,-8.6,69.6,0.0,0.0,6.3,16.4,8.3,Partially cloudy
16,2024-01-17,1705446000,7.8,-5.3,1.9,5.0,-7.4,86.3,9.388,0.6,5.9,16.9,10.3,"Snow, Rain, Overcast"
17,2024-01-18,1705532400,10.6,-1.5,5.1,10.6,-5.5,84.3,5.678,1.1,0.5,25.2,15.2,"Snow, Rain, Overcast"
18,2024-01-19,1705618800,-0.8,-5.3,-2.6,-4.3,-7.6,82.9,0.829,1.1,2.3,12.7,8.1,"Snow, Rain, Partially cloudy"
19,2024-01-20,1705705200,0.5,-9.1,-4.6,-0.2,-10.7,73.4,0.0,0.0,2.2,13.2,6.1,Clear
20,2024-01-21,1705791600,3.8,-8.1,-2.7,3.2,-10.6,70.1,0.0,0.0,1.9,9.9,5.6,Partially cloudy
21,2024-01-22,1705878000,9.6,-2.9,4.0,7.7,-5.2,63.9,5.559,0.0,1.2,31.1,14.2,"Rain, Partially cloudy"
22,2024-01-23,1705964400,7.1,3.6,5.7,4.4,-1.0,74.9,1.89,0.0,0.0,25.1,18.7,"Rain, Partially cloudy"
23,2024-01-24,1706050800,14.0,5.1,10.8,14.0,2.6,69.8,3.95,0.0,0.0,42.7,26.8,"Rain, Overcast"
24,2024-01-25,1706137200,9.2,6.7,7.8,7.5,3.7,72.5,0.283,0.0,0.0,21.0,14.1,"Rain, Overcast"
25,2024-01-26,1706223600,11.8,4.5,8.2,11.8,1.0,81.5,5.82,0.0,0.0,24.9,15.7,"Rain, Partially cloudy"
26,2024-01-27,1706310000,6.6,0.3,2.5,5.6,-2.3,76.1,0.0,0.0,0.0,9.7,6.6,Clear
27,2024-01-28,1706396400,9.6,-1.3,2.5,8.3,-4.6,74.0,0.0,0.0,0.0,14.7,8.5,Clear
28,2024-01-29,1706482800,12.1,-2.5,3.0,12.1,-3.8,70.9,0.0,0.0,0.0,8.5,4.8,Clear
29,2024-01-30,1706569200,13.1,-1.4,4.3,13.1,-1.4,68.7,0.0,0.0,0.0,7.9,3.9,Partially cloudy
30,2024-01-31,1706655600,11.0,2.9,6.1,11.0,1.3,69.3,0.002,0.0,0.0,8.9,5.8,"Rain, Partially cloudy"
